decile1b,decile3,lsat,ugpa,zfygpa,zgpa,fulltime,fam_inc,male,tier,SensitiveAttr,Label
2.0,2.0,37.0,3.1,-0.85,-1.11,1.0,3.0,1.0,3.0,1,1
9.0,7.0,36.0,2.7,0.92,0.47,1.0,4.0,1.0,3.0,1,1
10.0,7.0,35.0,2.9,1.44,0.37,1.0,2.0,1.0,4.0,1,1
10.0,10.0,33.0,3.6,2.39,2.42,1.0,3.0,1.0,3.0,1,1
3.0,4.0,33.0,2.5,-0.64,-0.46,1.0,4.0,1.0,2.0,1,0
8.0,9.0,40.0,3.6,0.86,1.08,1.0,4.0,1.0,4.0,1,1
9.0,4.0,30.5,3.7,0.93,-0.52,2.0,4.0,0.0,3.0,0,0
1.0,2.0,41.0,3.0,-1.3,-1.2,1.0,4.0,1.0,5.0,0,1
4.0,2.0,33.5,3.2,-0.32,-1.14,1.0,1.0,1.0,3.0,1,1
1.0,1.0,40.0,3.1,-1.31,-1.42,1.0,4.0,0.0,4.0,0,0
5.0,2.0,28.0,2.3,-0.15,-0.94,1.0,2.0,1.0,2.0,0,1
2.0,2.0,40.0,3.2,-1.07,-1.3,1.0,3.0,1.0,6.0,0,1
6.0,5.0,34.0,3.2,0.31,-0.04,1.0,3.0,0.0,3.0,1,1
3.0,3.0,42.0,3.5,-0.69,-0.79,1.0,4.0,1.0,4.0,1,1
1.0,2.0,30.0,3.5,-1.65,-1.26,1.0,3.0,1.0,3.0,1,1
8.0,5.0,43.0,3.3,0.65,0.0,1.0,5.0,0.0,4.0,1,1
9.0,8.0,34.0,3.2,1.18,0.85,1.0,2.0,1.0,5.0,1,1
10.0,10.0,37.0,3.7,1.35,1.34,1.0,4.0,1.0,4.0,1,1
3.0,4.0,45.0,3.1,-0.46,-0.5,1.0,4.0,1.0,3.0,1,1
2.0,4.0,40.0,2.8,-0.7,-0.52,1.0,4.0,0.0,3.0,1,0
10.0,9.0,35.0,2.6,1.31,1.21,1.0,4.0,1.0,3.0,1,1
4.0,2.0,32.0,3.6,-0.21,-1.16,1.0,4.0,0.0,3.0,0,1
3.0,3.0,30.0,3.1,-0.43,-0.87,1.0,3.0,0.0,3.0,1,0
10.0,10.0,32.0,3.3,1.3,1.38,2.0,3.0,0.0,3.0,1,1
4.0,3.0,45.0,4.0,-0.19,-0.51,1.0,4.0,1.0,6.0,1,1
2.0,7.0,37.0,3.0,-0.94,0.43,2.0,3.0,0.0,3.0,1,1
5.0,5.0,34.0,3.1,-0.1,-0.25,1.0,3.0,0.0,3.0,0,0
4.0,5.0,33.0,3.8,-0.31,-0.24,1.0,5.0,1.0,4.0,1,1
4.0,9.0,41.0,3.8,-0.25,1.24,1.0,4.0,0.0,5.0,1,1
8.0,5.0,47.0,3.0,0.78,0.0,1.0,4.0,0.0,5.0,1,1
3.0,4.0,36.0,2.8,-0.56,-0.46,1.0,3.0,1.0,3.0,1,1
2.0,4.0,35.0,2.3,-0.92,-0.29,1.0,3.0,1.0,3.0,1,1
4.0,7.0,35.0,4.0,-0.34,0.32,1.0,4.0,0.0,4.0,1,1
6.0,8.0,39.0,3.2,0.25,0.58,1.0,4.0,1.0,3.0,1,1
6.0,2.0,36.0,2.7,0.21,-1.32,1.0,4.0,1.0,4.0,1,0
2.0,1.0,39.0,2.3,-0.88,-1.63,1.0,3.0,1.0,5.0,0,0
6.0,3.0,26.0,3.1,0.1,-0.66,1.0,4.0,0.0,4.0,1,0
4.0,3.0,42.0,3.8,-0.22,-0.69,1.0,4.0,0.0,6.0,1,1
4.0,2.0,35.0,2.9,-0.4,-1.01,1.0,4.0,1.0,3.0,1,1
2.0,4.0,43.0,3.0,-1.05,-0.52,1.0,4.0,1.0,4.0,1,1
3.0,5.0,37.0,3.5,-0.55,-0.16,1.0,3.0,1.0,4.0,1,1
5.0,5.0,37.0,2.4,-0.12,-0.07,1.0,3.0,1.0,2.0,1,1
7.0,8.0,42.0,3.6,0.4,0.58,1.0,3.0,0.0,5.0,0,1
7.0,7.0,39.5,3.3,0.55,0.54,1.0,4.0,1.0,3.0,1,1
5.0,5.0,38.0,3.2,-0.01,-0.18,1.0,3.0,0.0,4.0,1,1
8.0,10.0,36.0,2.9,0.59,1.68,1.0,3.0,1.0,3.0,1,1
3.0,3.0,34.0,3.2,-0.6,-0.62,1.0,4.0,1.0,3.0,1,1
4.0,5.0,42.0,3.1,-0.26,-0.06,1.0,2.0,1.0,4.0,1,1
2.0,2.0,30.5,3.3,-0.83,-1.09,1.0,3.0,0.0,2.0,1,0
4.0,8.0,43.0,3.0,-0.2,0.6,1.0,3.0,1.0,3.0,1,1
2.0,2.0,37.0,3.0,-0.91,-0.97,1.0,3.0,0.0,3.0,1,1
2.0,2.0,46.0,3.9,-0.97,-1.22,1.0,4.0,1.0,6.0,0,1
2.0,1.0,29.0,2.6,-1.01,-1.62,1.0,4.0,0.0,4.0,0,0
3.0,3.0,37.0,3.3,-0.56,-0.64,1.0,4.0,1.0,4.0,1,1
4.0,5.0,33.0,3.1,-0.24,-0.08,1.0,2.0,1.0,5.0,0,1
5.0,7.0,41.0,3.8,-0.04,0.39,1.0,5.0,1.0,6.0,1,1
8.0,5.0,36.5,3.2,0.82,-0.17,1.0,4.0,1.0,4.0,1,1
10.0,9.0,41.0,3.3,1.32,1.07,1.0,4.0,0.0,4.0,1,1
3.0,3.0,33.0,2.7,-0.52,-0.53,1.0,2.0,0.0,5.0,0,1
4.0,3.0,40.0,3.2,-0.36,-0.84,1.0,3.0,1.0,3.0,1,1
7.0,6.0,38.5,3.6,0.56,0.19,1.0,5.0,1.0,3.0,1,1
4.0,2.0,40.0,3.8,-0.38,-0.86,1.0,3.0,1.0,5.0,1,1
9.0,8.0,41.0,3.6,1.16,0.8,1.0,4.0,0.0,1.0,1,1
1.0,2.0,26.5,3.2,-1.66,-1.12,1.0,4.0,1.0,3.0,1,0
7.0,7.0,36.0,2.8,0.53,0.42,1.0,5.0,1.0,3.0,1,1
5.0,2.0,44.0,2.6,-0.05,-1.01,1.0,3.0,1.0,2.0,1,0
3.0,2.0,36.0,2.9,-0.44,-1.05,1.0,4.0,1.0,3.0,1,1
10.0,10.0,45.0,3.8,1.71,1.86,1.0,4.0,1.0,4.0,1,1
8.0,6.0,31.0,3.6,0.58,0.03,1.0,3.0,0.0,3.0,1,1
10.0,10.0,48.0,2.7,1.77,1.59,1.0,4.0,0.0,3.0,1,1
10.0,10.0,34.0,3.6,1.55,1.77,1.0,4.0,1.0,4.0,1,1
5.0,2.0,43.0,2.7,-0.13,-1.12,1.0,5.0,1.0,3.0,1,1
1.0,2.0,40.0,3.5,-1.2,-1.09,1.0,4.0,1.0,3.0,1,1
10.0,10.0,37.0,3.6,1.44,1.87,1.0,3.0,0.0,5.0,1,1
4.0,3.0,34.0,2.3,-0.29,-0.67,1.0,3.0,0.0,3.0,0,0
3.0,3.0,27.0,2.8,-0.66,-0.7,1.0,3.0,1.0,3.0,1,0
8.0,8.0,40.0,2.8,0.59,0.72,1.0,4.0,1.0,3.0,1,1
6.0,4.0,42.0,2.9,0.26,-0.44,1.0,5.0,1.0,4.0,1,1
2.0,3.0,30.0,3.4,-1.07,-0.87,1.0,4.0,0.0,4.0,1,1
4.0,8.0,34.0,3.2,-0.25,0.61,1.0,5.0,0.0,2.0,1,1
1.0,1.0,25.5,2.5,-1.76,-1.59,1.0,4.0,0.0,4.0,0,0
1.0,1.0,26.0,3.0,-1.57,-1.58,1.0,5.0,0.0,4.0,0,0
3.0,5.0,34.0,2.9,-0.36,-0.08,1.0,2.0,0.0,1.0,0,1
8.0,7.0,38.0,3.5,0.64,0.51,2.0,3.0,1.0,5.0,0,1
7.0,8.0,32.0,3.6,0.33,0.67,1.0,3.0,1.0,3.0,1,1
2.0,1.0,27.0,2.9,-0.71,-2.06,2.0,3.0,0.0,3.0,0,0
2.0,3.0,20.0,3.3,-1.05,-0.83,1.0,3.0,0.0,4.0,0,0
2.0,2.0,30.0,3.5,-1.08,-1.22,1.0,3.0,1.0,6.0,1,1
10.0,10.0,37.0,3.5,1.36,1.38,1.0,4.0,0.0,4.0,1,1
7.0,7.0,41.0,3.9,0.46,0.37,1.0,3.0,0.0,4.0,1,1
5.0,5.0,29.0,3.0,-0.02,-0.2,1.0,4.0,1.0,2.0,1,1
3.0,2.0,41.0,2.6,-0.58,-0.98,1.0,3.0,1.0,3.0,0,1
3.0,1.0,22.7,2.3,-0.36,-1.46,1.0,5.0,1.0,1.0,1,0
3.0,7.0,28.0,3.4,-0.56,0.37,2.0,3.0,1.0,4.0,1,1
9.0,8.0,46.0,3.3,1.05,0.56,1.0,5.0,1.0,4.0,1,1
6.0,6.0,29.0,3.0,0.22,-0.03,1.0,4.0,1.0,2.0,1,1
6.0,5.0,37.5,2.8,0.07,-0.1,1.0,5.0,0.0,3.0,1,1
6.0,5.0,40.0,2.9,0.18,-0.16,1.0,3.0,1.0,4.0,1,1
8.0,10.0,35.5,3.0,0.66,1.47,1.0,4.0,0.0,4.0,0,1
1.0,1.0,39.0,2.9,-1.75,-2.01,1.0,5.0,0.0,3.0,1,1
1.0,1.0,32.0,3.1,-1.39,-1.71,2.0,1.0,0.0,3.0,0,0
3.0,2.0,38.0,2.7,-0.52,-1.13,1.0,4.0,1.0,3.0,1,1
8.0,6.0,37.0,3.6,0.58,0.25,1.0,4.0,0.0,3.0,1,1
2.0,4.0,37.5,2.8,-0.82,-0.33,1.0,4.0,0.0,4.0,1,1
6.0,8.0,45.0,3.6,0.24,0.79,1.0,4.0,1.0,4.0,1,1
1.0,5.0,22.0,3.8,-1.21,-0.13,2.0,2.0,0.0,3.0,1,0
4.0,6.0,45.0,3.5,-0.29,0.16,1.0,4.0,1.0,4.0,1,1
1.0,1.0,30.0,2.4,-1.82,-1.8,1.0,3.0,0.0,4.0,0,0
2.0,4.0,32.0,3.2,-0.84,-0.54,1.0,2.0,1.0,2.0,1,0
7.0,3.0,37.0,3.3,0.39,-0.61,1.0,4.0,1.0,4.0,1,1
8.0,5.0,33.0,3.1,0.61,-0.23,1.0,3.0,0.0,3.0,1,0
1.0,1.0,27.0,3.4,-1.84,-1.65,1.0,4.0,0.0,3.0,0,0
9.0,10.0,42.0,3.2,0.96,1.51,2.0,3.0,1.0,5.0,1,1
3.0,3.0,26.0,3.1,-0.58,-0.69,1.0,4.0,0.0,2.0,1,0
1.0,1.0,24.0,2.4,-1.37,-2.26,1.0,3.0,1.0,3.0,0,0
3.0,2.0,40.0,2.7,-0.46,-0.95,1.0,3.0,1.0,4.0,0,1
4.0,7.0,33.0,3.8,-0.28,0.48,1.0,3.0,0.0,5.0,1,1
5.0,3.0,46.0,3.5,0.06,-0.56,1.0,4.0,0.0,6.0,1,1
9.0,8.0,43.0,3.1,0.99,0.73,1.0,2.0,1.0,4.0,0,1
4.0,2.0,39.0,3.1,-0.3,-0.99,1.0,4.0,1.0,5.0,1,1
1.0,1.0,30.5,2.9,-1.1,-2.25,1.0,4.0,0.0,2.0,1,1
6.0,7.0,39.0,3.2,0.17,0.43,1.0,3.0,1.0,3.0,0,1
1.0,4.0,40.0,3.7,-1.24,-0.5,1.0,3.0,0.0,5.0,0,1
5.0,4.0,33.5,3.2,-0.19,-0.38,1.0,4.0,0.0,2.0,1,1
3.0,2.0,34.0,2.3,-0.54,-1.21,1.0,3.0,1.0,4.0,0,0
3.0,4.0,29.0,3.8,-0.62,-0.52,1.0,4.0,0.0,2.0,1,1
5.0,4.0,36.0,3.1,-0.1,-0.36,1.0,4.0,1.0,3.0,1,1
1.0,1.0,40.0,2.7,-1.74,-1.88,1.0,4.0,1.0,6.0,1,1
3.0,3.0,39.0,3.8,-0.68,-0.68,1.0,4.0,1.0,4.0,0,0
3.0,1.0,28.0,3.2,-0.67,-1.54,2.0,2.0,0.0,4.0,0,0
8.0,10.0,38.0,2.1,0.73,1.47,2.0,4.0,1.0,3.0,1,1
8.0,8.0,44.0,3.7,0.8,0.72,1.0,4.0,0.0,5.0,1,1
5.0,4.0,34.0,2.8,-0.12,-0.33,1.0,4.0,1.0,3.0,1,1
3.0,2.0,35.0,3.3,-0.57,-1.24,1.0,3.0,0.0,3.0,1,0
6.0,6.0,38.0,3.0,0.19,0.02,1.0,4.0,0.0,3.0,1,1
5.0,5.0,41.0,3.4,-0.07,-0.1,1.0,4.0,0.0,5.0,0,1
2.0,2.0,40.0,3.1,-0.85,-1.3,1.0,4.0,1.0,5.0,1,0
9.0,7.0,42.0,3.6,0.91,0.46,1.0,2.0,1.0,4.0,1,1
4.0,5.0,29.0,2.6,-0.25,-0.27,1.0,4.0,0.0,2.0,0,1
10.0,10.0,48.0,4.0,1.31,1.53,1.0,5.0,1.0,5.0,1,1
5.0,2.0,41.0,3.4,-0.05,-1.18,1.0,3.0,1.0,3.0,1,1
2.0,2.0,24.0,2.8,-1.1,-0.98,1.0,1.0,0.0,3.0,0,0
4.0,1.0,26.0,2.8,-0.4,-1.42,1.0,2.0,0.0,3.0,0,0
5.0,6.0,40.0,3.6,-0.16,0.17,1.0,3.0,0.0,4.0,1,1
4.0,3.0,28.0,3.5,-0.32,-0.82,1.0,3.0,1.0,2.0,1,0
9.0,9.0,34.0,2.9,1.25,1.25,1.0,3.0,1.0,3.0,1,1
6.0,8.0,42.0,4.0,0.12,0.64,1.0,4.0,0.0,6.0,1,1
1.0,1.0,37.0,3.9,-1.66,-1.5,1.0,3.0,1.0,4.0,1,1
3.0,4.0,44.0,3.9,-0.61,-0.25,1.0,4.0,0.0,5.0,0,1
3.0,2.0,27.0,3.3,-0.59,-1.0,1.0,4.0,1.0,2.0,1,1
4.0,2.0,32.0,2.5,-0.3,-1.0,1.0,4.0,1.0,2.0,1,1
5.0,7.0,33.0,3.9,0.06,0.4,1.0,2.0,0.0,4.0,1,1
5.0,3.0,39.0,3.8,-0.09,-0.66,1.0,4.0,0.0,5.0,1,1
7.0,5.0,40.0,3.4,0.39,-0.07,1.0,4.0,1.0,3.0,1,1
10.0,9.0,40.0,3.2,1.89,1.29,1.0,3.0,0.0,3.0,1,1
5.0,7.0,35.0,3.4,-0.08,0.49,2.0,4.0,0.0,3.0,1,1
1.0,2.0,35.0,2.9,-1.27,-1.22,1.0,4.0,0.0,3.0,1,0
9.0,7.0,41.0,3.1,1.08,0.42,1.0,5.0,1.0,3.0,1,1
8.0,8.0,48.0,2.3,0.8,0.72,2.0,4.0,0.0,4.0,1,1
1.0,1.0,34.0,3.1,-1.4,-1.86,2.0,4.0,0.0,3.0,0,0
4.0,4.0,33.0,2.8,-0.28,-0.39,1.0,3.0,0.0,4.0,0,1
8.0,9.0,42.0,3.7,0.61,0.87,1.0,4.0,1.0,5.0,1,1
9.0,9.0,46.0,3.5,1.17,1.27,1.0,4.0,1.0,4.0,1,1
7.0,5.0,38.0,3.7,0.4,-0.05,1.0,2.0,1.0,5.0,1,1
5.0,4.0,40.0,3.1,0.02,-0.25,1.0,4.0,0.0,5.0,1,1
3.0,4.0,40.0,3.3,-0.48,-0.52,1.0,4.0,1.0,4.0,1,1
1.0,1.0,28.5,2.4,-1.54,-1.69,1.0,3.0,1.0,5.0,0,0
3.0,5.0,37.0,3.2,-0.42,-0.23,1.0,4.0,0.0,3.0,1,1
1.0,3.0,38.0,3.7,-2.75,-0.8,1.0,3.0,1.0,5.0,1,1
1.0,1.0,28.0,3.8,-2.35,-1.48,1.0,4.0,0.0,5.0,0,1
9.0,7.0,37.0,2.9,1.01,0.28,2.0,3.0,0.0,3.0,1,1
7.0,8.0,33.0,3.0,0.32,0.55,1.0,4.0,1.0,3.0,1,1
2.0,1.0,41.0,3.5,-1.08,-1.5,1.0,3.0,0.0,6.0,0,1
8.0,8.0,42.0,3.5,0.74,0.61,1.0,3.0,1.0,4.0,1,1
7.0,5.0,47.0,2.3,0.51,-0.03,1.0,5.0,1.0,3.0,1,1
5.0,3.0,33.0,3.3,-0.14,-0.72,1.0,4.0,1.0,3.0,0,0
9.0,10.0,35.0,3.3,0.9,1.85,1.0,3.0,1.0,3.0,1,1
2.0,3.0,40.0,3.0,-0.82,-0.73,1.0,3.0,0.0,3.0,0,1
3.0,6.0,46.0,3.7,-0.58,0.06,1.0,4.0,0.0,6.0,1,1
8.0,8.0,39.0,3.2,0.65,0.55,1.0,3.0,0.0,3.0,1,1
5.0,3.0,39.0,2.3,-0.04,-0.67,1.0,3.0,0.0,4.0,0,1
2.0,3.0,31.0,3.6,-0.8,-0.63,1.0,4.0,0.0,2.0,1,0
8.0,8.0,38.0,2.8,0.82,0.62,1.0,3.0,0.0,3.0,1,1
1.0,1.0,33.0,2.7,-1.52,-1.49,1.0,4.0,0.0,5.0,0,0
3.0,3.0,26.0,2.5,-0.5,-0.74,1.0,4.0,1.0,3.0,0,0
5.0,6.0,35.0,3.3,-0.04,0.24,1.0,4.0,0.0,5.0,1,0
10.0,10.0,47.0,3.3,1.4,1.53,1.0,4.0,0.0,4.0,1,1
7.0,8.0,40.0,3.7,0.51,0.72,1.0,3.0,1.0,4.0,1,1
10.0,9.0,42.0,3.0,1.52,1.14,1.0,3.0,1.0,5.0,1,1
8.0,9.0,41.0,3.4,0.83,1.18,1.0,5.0,1.0,3.0,1,1
1.0,1.0,40.0,3.4,-1.53,-1.49,1.0,2.0,1.0,6.0,0,1
1.0,1.0,31.0,3.8,-1.3,-1.84,1.0,3.0,0.0,3.0,0,0
3.0,2.0,28.5,3.7,-0.6,-0.89,1.0,4.0,1.0,3.0,1,0
1.0,1.0,30.0,3.1,-1.4,-1.68,1.0,2.0,0.0,3.0,1,0
1.0,1.0,36.0,3.4,-1.71,-1.53,1.0,4.0,1.0,4.0,0,1
9.0,9.0,45.0,2.8,1.03,1.08,1.0,4.0,1.0,4.0,1,1
5.0,9.0,40.0,3.5,0.06,1.19,1.0,3.0,1.0,4.0,1,1
4.0,5.0,37.0,3.3,-0.34,-0.08,1.0,3.0,0.0,3.0,1,1
6.0,5.0,39.0,3.1,0.25,-0.1,1.0,5.0,0.0,6.0,1,1
10.0,10.0,43.0,2.8,1.46,1.47,1.0,4.0,0.0,4.0,1,1
5.0,3.0,38.0,2.9,-0.1,-0.61,1.0,4.0,0.0,4.0,1,1
4.0,4.0,42.0,3.2,-0.33,-0.29,1.0,4.0,1.0,5.0,1,1
9.0,5.0,39.0,2.6,0.9,-0.12,1.0,4.0,0.0,3.0,1,1
1.0,1.0,29.0,3.1,-1.55,-1.54,1.0,3.0,1.0,4.0,0,0
8.0,7.0,31.0,3.4,0.57,0.4,2.0,4.0,0.0,3.0,1,1
10.0,10.0,43.0,3.6,1.48,1.79,1.0,3.0,1.0,3.0,1,1
5.0,4.0,30.0,3.1,-0.1,-0.34,1.0,3.0,0.0,2.0,1,1
8.0,8.0,30.0,3.3,0.75,0.83,1.0,2.0,0.0,2.0,1,1
5.0,4.0,31.0,3.1,0.08,-0.47,1.0,4.0,1.0,4.0,1,1
9.0,6.0,33.0,2.9,0.94,0.03,1.0,4.0,1.0,3.0,1,1
4.0,6.0,37.0,3.3,-0.24,0.13,1.0,4.0,0.0,2.0,1,1
6.0,6.0,39.0,3.8,0.17,0.23,1.0,3.0,1.0,3.0,1,1
7.0,7.0,36.0,2.9,0.36,0.46,2.0,3.0,0.0,3.0,1,1
4.0,4.0,38.0,3.5,-0.21,-0.26,1.0,4.0,1.0,4.0,1,1
1.0,1.0,40.0,2.9,-1.37,-1.91,1.0,2.0,1.0,5.0,0,1
9.0,1.0,36.0,3.8,0.92,-1.51,1.0,4.0,1.0,4.0,1,1
1.0,1.0,24.0,2.6,-1.6,-1.77,1.0,3.0,0.0,4.0,0,0
7.0,6.0,32.5,3.7,0.5,0.08,1.0,3.0,1.0,4.0,1,1
3.0,3.0,37.0,3.0,-0.69,-0.75,1.0,2.0,1.0,5.0,0,1
1.0,1.0,42.0,3.5,-1.99,-1.74,1.0,4.0,0.0,5.0,1,1
5.0,6.0,48.0,3.7,0.03,0.08,1.0,3.0,1.0,5.0,1,1
4.0,5.0,34.0,2.8,-0.35,-0.17,1.0,4.0,0.0,2.0,1,1
6.0,7.0,29.5,2.2,0.1,0.21,1.0,4.0,1.0,2.0,1,1
5.0,4.0,46.0,3.4,-0.15,-0.36,1.0,3.0,0.0,6.0,1,1
8.0,10.0,37.0,3.1,0.75,1.54,1.0,4.0,0.0,2.0,1,1
6.0,8.0,40.0,2.7,0.13,0.76,1.0,3.0,1.0,6.0,1,1
3.0,5.0,27.5,3.1,-0.52,-0.05,1.0,4.0,0.0,3.0,1,1
7.0,7.0,44.0,3.1,0.38,0.4,1.0,4.0,0.0,4.0,1,1
2.0,4.0,43.0,2.4,-0.86,-0.31,1.0,3.0,1.0,4.0,0,1
7.0,7.0,45.0,3.0,0.4,0.45,1.0,4.0,1.0,3.0,1,1
8.0,10.0,37.0,3.8,0.86,1.6,1.0,3.0,1.0,3.0,1,1
10.0,9.0,44.0,3.1,1.4,1.22,1.0,3.0,1.0,5.0,1,1
5.0,8.0,33.0,3.2,-0.04,0.67,1.0,3.0,1.0,4.0,1,1
2.0,2.0,30.5,3.3,-0.83,-0.99,1.0,3.0,0.0,3.0,1,0
1.0,1.0,27.0,3.1,-2.22,-2.48,1.0,3.0,1.0,6.0,0,0
1.0,1.0,20.0,3.2,-2.1,-1.48,1.0,2.0,0.0,3.0,0,0
9.0,9.0,43.0,3.0,0.9,1.0,1.0,3.0,0.0,4.0,1,1
8.0,7.0,33.0,3.5,0.58,0.45,1.0,4.0,1.0,5.0,1,1
9.0,9.0,42.0,3.0,1.08,1.25,1.0,3.0,0.0,3.0,1,1
7.0,9.0,41.0,3.9,0.46,0.98,1.0,2.0,0.0,4.0,1,1
6.0,8.0,42.0,3.2,0.11,0.73,1.0,4.0,1.0,5.0,1,1
8.0,8.0,46.0,3.7,0.7,0.76,1.0,4.0,1.0,6.0,1,1
4.0,3.0,31.0,3.8,-0.17,-0.77,1.0,3.0,1.0,4.0,1,0
1.0,1.0,38.0,2.4,-1.75,-2.28,1.0,4.0,0.0,3.0,0,0
3.0,2.0,33.0,3.3,-0.65,-0.99,1.0,3.0,0.0,4.0,0,0
5.0,6.0,36.0,3.3,-0.2,0.12,1.0,3.0,0.0,5.0,1,1
6.0,3.0,40.0,3.5,0.14,-0.79,1.0,4.0,1.0,5.0,1,1
4.0,4.0,31.0,3.6,-0.26,-0.38,1.0,2.0,1.0,2.0,0,1
2.0,5.0,40.0,3.7,-1.05,-0.03,1.0,3.0,1.0,5.0,0,1
7.0,8.0,39.0,3.5,0.46,0.62,1.0,3.0,1.0,3.0,1,1
4.0,1.0,41.0,2.5,-0.24,-1.4,1.0,4.0,0.0,3.0,1,1
7.0,2.0,33.0,3.4,0.33,-0.9,1.0,3.0,1.0,3.0,1,1
7.0,5.0,39.0,3.2,0.52,-0.01,1.0,5.0,1.0,4.0,1,1
10.0,10.0,39.0,3.9,1.51,1.42,1.0,2.0,1.0,4.0,1,1
8.0,6.0,34.0,3.5,0.66,0.22,1.0,3.0,1.0,4.0,1,1
6.0,6.0,48.0,3.6,0.23,0.13,1.0,4.0,1.0,5.0,1,1
6.0,3.0,40.0,3.4,0.12,-0.61,1.0,4.0,0.0,4.0,1,1
3.0,3.0,33.0,3.5,-0.45,-0.78,1.0,4.0,0.0,3.0,1,1
8.0,5.0,42.0,2.4,0.79,0.0,1.0,5.0,1.0,5.0,1,1
9.0,9.0,45.0,3.6,1.07,1.02,1.0,4.0,0.0,5.0,1,1
10.0,10.0,45.0,3.4,2.09,2.13,1.0,4.0,0.0,3.0,1,0
1.0,1.0,30.0,3.5,-1.75,-2.22,1.0,5.0,0.0,3.0,1,1
3.0,6.0,37.0,3.6,-0.43,0.13,1.0,3.0,0.0,3.0,1,1
7.0,5.0,32.0,3.1,0.43,-0.12,1.0,3.0,1.0,3.0,1,1
4.0,4.0,42.0,3.7,-0.26,-0.28,1.0,4.0,1.0,6.0,0,1
6.0,6.0,40.0,3.1,0.28,0.09,1.0,4.0,0.0,3.0,1,1
6.0,7.0,41.0,3.7,0.31,0.47,1.0,3.0,0.0,4.0,1,1
2.0,1.0,34.0,2.6,-0.76,-1.42,1.0,4.0,1.0,2.0,0,0
4.0,3.0,32.0,2.9,-0.43,-0.8,1.0,3.0,1.0,2.0,1,0
1.0,1.0,38.0,2.1,-2.18,-1.46,1.0,5.0,0.0,3.0,1,0
5.0,3.0,37.0,3.3,-0.07,-0.6,1.0,5.0,1.0,4.0,1,1
7.0,6.0,33.0,2.7,0.47,0.1,1.0,3.0,0.0,4.0,0,1
7.0,6.0,38.0,3.0,0.47,0.13,1.0,4.0,0.0,3.0,1,1
4.0,5.0,37.0,3.3,-0.17,-0.08,1.0,5.0,1.0,4.0,1,1
10.0,10.0,43.0,3.6,2.05,1.95,1.0,4.0,0.0,3.0,1,1
10.0,10.0,42.0,3.7,1.9,1.65,1.0,4.0,1.0,5.0,1,1
7.0,5.0,38.0,3.2,0.45,-0.2,1.0,5.0,1.0,3.0,1,1
6.0,9.0,36.0,3.6,0.2,0.9,1.0,4.0,1.0,5.0,1,1
5.0,1.0,29.5,3.1,-0.12,-1.62,1.0,4.0,0.0,5.0,0,0
1.0,1.0,27.0,2.8,-1.36,-2.11,1.0,3.0,0.0,4.0,0,0
7.0,7.0,36.0,3.9,0.6,0.3,1.0,2.0,0.0,6.0,0,1
10.0,10.0,32.5,3.4,2.11,1.8,1.0,3.0,1.0,3.0,0,1
10.0,10.0,38.0,3.5,1.61,1.68,1.0,3.0,0.0,3.0,1,1
6.0,7.0,33.0,3.5,0.29,0.32,1.0,4.0,1.0,3.0,1,1
9.0,9.0,40.0,3.9,1.02,0.95,1.0,3.0,1.0,4.0,1,1
7.0,7.0,36.0,3.1,0.38,0.52,1.0,4.0,1.0,5.0,1,1
8.0,8.0,38.0,3.5,0.84,0.61,1.0,4.0,1.0,3.0,1,1
6.0,7.0,38.0,2.9,0.17,0.38,1.0,4.0,0.0,3.0,1,1
3.0,4.0,41.5,3.2,-0.58,-0.28,1.0,4.0,1.0,3.0,1,1
8.0,6.0,38.0,3.3,0.86,0.23,1.0,3.0,1.0,3.0,1,1
8.0,10.0,46.0,3.4,0.79,1.33,1.0,4.0,0.0,3.0,1,1
6.0,6.0,36.0,3.1,0.15,-0.03,1.0,4.0,1.0,2.0,1,1
4.0,6.0,39.0,3.7,-0.27,0.04,1.0,4.0,1.0,5.0,1,1
6.0,5.0,47.0,3.9,0.22,-0.02,1.0,3.0,0.0,6.0,1,1
2.0,5.0,39.0,3.3,-0.88,-0.15,1.0,4.0,1.0,4.0,1,1
6.0,5.0,25.5,2.6,0.21,-0.24,1.0,2.0,0.0,1.0,0,1
6.0,6.0,36.0,3.0,0.26,0.21,1.0,2.0,0.0,3.0,1,1
10.0,8.0,33.0,2.4,1.59,0.65,2.0,4.0,1.0,5.0,1,0
10.0,10.0,44.0,3.8,1.9,1.88,1.0,3.0,1.0,4.0,1,1
3.0,5.0,44.0,3.5,-0.52,-0.16,1.0,3.0,0.0,5.0,1,1
9.0,9.0,37.5,3.9,0.92,1.03,1.0,4.0,0.0,4.0,1,1
4.0,6.0,34.0,2.9,-0.41,0.13,1.0,3.0,1.0,2.0,1,1
4.0,4.0,34.0,3.6,-0.25,-0.45,1.0,4.0,1.0,3.0,1,1
1.0,1.0,46.0,3.3,-2.08,-1.81,1.0,4.0,1.0,4.0,1,0
9.0,10.0,40.0,3.3,1.27,1.9,1.0,4.0,1.0,3.0,1,1
9.0,8.0,36.0,3.3,1.2,0.79,1.0,3.0,1.0,4.0,1,1
1.0,1.0,28.0,3.4,-2.37,-2.46,1.0,2.0,0.0,4.0,0,0
6.0,7.0,45.0,3.0,0.31,0.47,1.0,4.0,1.0,4.0,1,1
6.0,2.0,42.0,3.1,0.27,-0.91,1.0,3.0,0.0,3.0,1,1
8.0,6.0,33.0,3.2,0.6,0.17,2.0,2.0,1.0,3.0,1,1
9.0,9.0,32.0,3.3,1.2,1.08,1.0,4.0,1.0,2.0,1,1
2.0,5.0,45.0,2.6,-1.04,-0.03,2.0,3.0,1.0,5.0,1,0
6.0,6.0,40.0,3.7,0.2,-0.01,1.0,3.0,0.0,3.0,1,1
6.0,8.0,41.0,2.5,0.1,0.67,1.0,4.0,1.0,3.0,1,1
1.0,1.0,24.0,3.0,-1.68,-1.52,1.0,2.0,1.0,3.0,0,1
5.0,5.0,32.5,3.4,-0.08,-0.15,1.0,3.0,0.0,2.0,1,1
7.0,2.0,34.0,3.3,0.33,-1.01,1.0,4.0,1.0,5.0,0,0
5.0,6.0,34.0,2.9,-0.14,0.25,2.0,3.0,0.0,3.0,1,1
1.0,1.0,35.5,3.3,-1.29,-1.41,1.0,4.0,1.0,3.0,1,0
9.0,10.0,35.0,3.3,1.1,1.32,1.0,2.0,0.0,4.0,1,1
2.0,1.0,32.3,2.5,-0.79,-1.75,1.0,4.0,0.0,3.0,1,1
1.0,1.0,42.0,3.4,-1.26,-1.46,1.0,2.0,1.0,4.0,1,1
9.0,10.0,44.0,3.4,1.16,1.47,1.0,4.0,1.0,4.0,1,1
6.0,6.0,38.0,3.6,0.22,0.18,1.0,4.0,0.0,4.0,1,1
7.0,9.0,44.0,3.0,0.48,0.99,1.0,5.0,1.0,5.0,1,1
7.0,9.0,40.0,3.2,0.43,1.16,1.0,4.0,0.0,3.0,1,1
2.0,3.0,31.0,2.9,-0.77,-0.67,1.0,1.0,1.0,4.0,0,1
1.0,2.0,25.0,2.4,-1.23,-1.03,1.0,3.0,1.0,1.0,0,1
9.0,9.0,39.0,3.7,0.96,1.09,1.0,3.0,1.0,6.0,1,1
10.0,10.0,40.0,3.9,1.35,1.32,1.0,3.0,0.0,4.0,1,1
4.0,3.0,41.0,3.4,-0.38,-0.83,1.0,3.0,0.0,4.0,1,0
7.0,6.0,34.0,3.1,0.35,0.2,1.0,4.0,0.0,2.0,1,1
1.0,1.0,27.5,2.1,-0.98,-1.62,1.0,4.0,1.0,1.0,0,0
8.0,9.0,41.0,2.1,0.71,1.15,1.0,4.0,1.0,1.0,0,1
7.0,7.0,43.0,3.0,0.54,0.35,1.0,4.0,1.0,5.0,1,1
2.0,2.0,42.0,3.1,-1.06,-1.01,1.0,4.0,0.0,3.0,1,1
3.0,5.0,41.0,3.5,-0.6,-0.07,1.0,5.0,1.0,3.0,1,1
9.0,10.0,44.0,3.2,1.06,1.39,1.0,5.0,1.0,5.0,1,1
7.0,7.0,41.0,3.8,0.46,0.32,1.0,3.0,1.0,4.0,1,1
6.0,8.0,32.0,3.4,0.2,0.78,1.0,3.0,1.0,3.0,1,0
10.0,10.0,40.0,3.9,1.59,1.71,1.0,4.0,0.0,3.0,1,1
3.0,5.0,32.0,3.6,-0.47,-0.22,1.0,3.0,0.0,5.0,0,1
6.0,5.0,28.0,3.2,0.1,-0.27,1.0,3.0,1.0,2.0,1,1
4.0,5.0,39.0,3.1,-0.18,0.0,1.0,3.0,0.0,4.0,1,1
4.0,2.0,42.0,3.6,-0.45,-1.06,1.0,3.0,1.0,6.0,1,0
6.0,6.0,34.0,3.7,0.15,0.19,1.0,3.0,0.0,5.0,1,1
9.0,8.0,36.0,3.1,0.92,0.6,1.0,3.0,1.0,5.0,1,1
6.0,10.0,39.0,2.5,0.19,1.62,1.0,3.0,1.0,3.0,1,1
3.0,3.0,34.0,2.8,-0.64,-0.7,1.0,4.0,0.0,5.0,0,0
2.0,3.0,40.0,2.6,-0.9,-0.74,1.0,5.0,1.0,4.0,1,1
6.0,7.0,40.0,3.2,0.29,0.31,1.0,3.0,0.0,3.0,1,1
7.0,6.0,39.0,3.1,0.38,0.19,1.0,3.0,1.0,2.0,1,1
4.0,3.0,29.0,3.1,-0.4,-0.64,1.0,4.0,0.0,2.0,1,1
9.0,8.0,32.0,3.0,1.22,0.71,1.0,4.0,1.0,1.0,0,1
10.0,10.0,39.0,3.1,1.82,1.66,1.0,3.0,1.0,3.0,1,1
10.0,10.0,40.0,3.2,1.73,1.7,1.0,4.0,1.0,4.0,1,1
2.0,1.0,38.0,3.1,-1.04,-1.49,1.0,5.0,1.0,3.0,1,1
5.0,4.0,35.0,3.4,-0.07,-0.29,1.0,4.0,0.0,5.0,0,1
2.0,1.0,37.0,3.6,-0.94,-1.52,1.0,3.0,1.0,4.0,0,1
4.0,3.0,35.0,2.9,-0.41,-0.75,1.0,3.0,1.0,3.0,1,1
3.0,2.0,32.0,3.2,-0.66,-1.13,1.0,4.0,0.0,2.0,1,1
7.0,6.0,36.0,2.9,0.54,0.21,1.0,4.0,0.0,4.0,1,1
6.0,7.0,33.0,3.5,0.09,0.44,1.0,5.0,0.0,2.0,1,1
10.0,10.0,40.0,3.0,2.24,2.95,1.0,2.0,0.0,3.0,1,1
10.0,9.0,36.5,3.3,1.67,0.97,1.0,3.0,1.0,4.0,1,1
7.0,6.0,42.0,2.6,0.44,0.08,1.0,4.0,1.0,4.0,1,1
10.0,10.0,44.0,2.9,1.96,2.62,2.0,3.0,1.0,3.0,1,1
1.0,2.0,41.0,3.0,-2.03,-1.09,1.0,4.0,0.0,4.0,1,1
9.0,8.0,40.0,2.6,1.02,0.75,1.0,4.0,1.0,4.0,1,1
10.0,9.0,34.0,2.8,1.92,1.19,2.0,4.0,1.0,3.0,1,1
6.0,6.0,30.0,3.3,0.16,0.16,1.0,4.0,1.0,3.0,1,1
7.0,8.0,37.0,3.5,0.6,0.7,1.0,4.0,1.0,6.0,1,1
4.0,1.0,35.0,3.4,-0.34,-1.26,1.0,4.0,1.0,2.0,1,0
2.0,2.0,35.0,3.1,-0.73,-1.14,1.0,1.0,1.0,2.0,1,1
4.0,5.0,36.0,3.6,-0.31,-0.12,1.0,4.0,1.0,4.0,1,0
3.0,3.0,38.0,3.5,-0.62,-0.88,1.0,4.0,1.0,3.0,1,1
3.0,3.0,33.0,2.9,-0.6,-0.77,1.0,4.0,1.0,4.0,1,1
4.0,4.0,48.0,2.4,-0.45,-0.44,1.0,3.0,1.0,5.0,1,1
3.0,3.0,37.5,3.4,-0.54,-0.55,1.0,5.0,0.0,4.0,0,1
5.0,5.0,33.0,3.5,-0.01,-0.09,2.0,4.0,0.0,4.0,1,1
4.0,5.0,42.0,3.3,-0.24,-0.1,1.0,5.0,0.0,5.0,1,1
6.0,2.0,32.0,3.4,0.2,-1.13,1.0,3.0,1.0,3.0,0,1
3.0,4.0,44.0,3.6,-0.55,-0.42,1.0,3.0,0.0,5.0,1,1
5.0,5.0,40.0,3.6,-0.01,-0.02,1.0,4.0,0.0,4.0,0,1
1.0,1.0,23.5,2.8,-1.63,-1.34,1.0,4.0,0.0,3.0,1,0
10.0,9.0,40.0,3.1,1.7,1.24,1.0,5.0,1.0,3.0,1,1
10.0,9.0,41.0,4.0,1.45,1.26,1.0,4.0,0.0,3.0,1,1
3.0,2.0,39.0,3.0,-0.68,-1.19,1.0,4.0,0.0,3.0,1,0
2.0,1.0,38.0,3.2,-0.84,-1.46,1.0,2.0,0.0,3.0,1,1
4.0,3.0,35.0,2.9,-0.24,-0.62,1.0,4.0,1.0,4.0,1,1
1.0,1.0,28.0,2.8,-1.15,-2.03,1.0,3.0,1.0,4.0,0,0
1.0,4.0,46.0,3.8,-1.24,-0.31,1.0,4.0,1.0,5.0,0,1
3.0,5.0,36.0,3.8,-0.64,-0.24,1.0,3.0,1.0,3.0,1,1
6.0,6.0,30.0,3.2,0.24,0.28,1.0,4.0,1.0,4.0,1,1
2.0,1.0,30.0,2.3,-0.95,-1.38,1.0,1.0,0.0,5.0,0,0
5.0,5.0,39.0,4.0,-0.01,-0.03,1.0,4.0,1.0,6.0,1,1
6.0,7.0,31.0,3.5,0.22,0.27,1.0,3.0,0.0,3.0,1,1
3.0,3.0,37.0,3.2,-0.64,-0.87,1.0,4.0,0.0,4.0,1,1
9.0,10.0,39.0,3.4,1.27,1.51,1.0,3.0,1.0,3.0,1,1
1.0,1.0,26.0,3.2,-1.23,-1.68,1.0,3.0,0.0,3.0,1,0
4.0,4.0,38.7,3.3,-0.4,-0.51,1.0,3.0,0.0,4.0,1,1
9.0,8.0,39.0,3.5,1.08,0.64,1.0,3.0,1.0,4.0,1,1
3.0,2.0,32.0,3.2,-0.49,-1.11,1.0,4.0,0.0,3.0,1,0
5.0,4.0,35.0,3.3,0.04,-0.3,1.0,4.0,0.0,3.0,1,1
5.0,6.0,33.0,3.3,0.05,0.06,1.0,3.0,1.0,3.0,1,1
7.0,7.0,33.0,2.9,0.44,0.46,1.0,3.0,0.0,1.0,0,1
1.0,1.0,28.0,2.8,-1.48,-1.59,1.0,3.0,0.0,3.0,0,0
4.0,5.0,40.0,3.0,-0.24,-0.14,1.0,3.0,1.0,4.0,1,1
6.0,8.0,48.0,3.9,0.08,0.79,1.0,3.0,1.0,5.0,1,1
7.0,9.0,42.0,3.9,0.5,1.1,1.0,4.0,0.0,5.0,1,1
4.0,6.0,39.0,4.0,-0.41,0.1,1.0,3.0,0.0,4.0,1,1
3.0,4.0,33.0,3.0,-0.59,-0.28,1.0,5.0,0.0,5.0,1,1
6.0,7.0,43.0,3.0,0.18,0.32,1.0,3.0,0.0,4.0,1,1
8.0,8.0,35.0,3.3,0.86,0.72,1.0,5.0,0.0,3.0,1,1
8.0,9.0,39.0,3.5,0.84,1.14,1.0,4.0,0.0,4.0,1,1
5.0,9.0,39.0,2.9,-0.09,1.04,1.0,4.0,0.0,4.0,0,1
1.0,1.0,25.0,2.6,-1.64,-2.53,1.0,2.0,1.0,5.0,0,0
3.0,2.0,42.0,2.4,-0.49,-0.89,1.0,4.0,1.0,3.0,1,1
9.0,7.0,32.0,3.1,1.14,0.29,1.0,4.0,0.0,4.0,1,1
6.0,8.0,37.0,3.4,0.27,0.64,1.0,4.0,1.0,3.0,1,1
10.0,10.0,42.0,3.2,1.7,1.58,1.0,4.0,1.0,6.0,1,1
6.0,8.0,48.0,3.1,0.18,0.63,1.0,4.0,0.0,4.0,1,1
4.0,5.0,38.0,3.9,-0.35,0.01,1.0,4.0,0.0,5.0,1,1
7.0,5.0,34.0,3.5,0.33,-0.01,1.0,4.0,0.0,4.0,1,1
6.0,6.0,45.0,3.3,0.27,0.27,1.0,3.0,1.0,4.0,1,1
9.0,8.0,35.0,3.3,1.09,0.77,1.0,4.0,1.0,3.0,1,1
1.0,1.0,31.0,2.7,-1.6,-1.45,1.0,4.0,1.0,3.0,1,0
2.0,1.0,35.0,2.9,-0.86,-1.53,1.0,2.0,1.0,4.0,0,0
9.0,9.0,42.0,3.3,1.18,1.0,1.0,4.0,1.0,6.0,1,1
4.0,3.0,39.0,2.7,-0.22,-0.6,1.0,3.0,0.0,5.0,1,1
8.0,6.0,34.0,3.3,0.84,0.2,1.0,4.0,1.0,3.0,1,1
6.0,5.0,45.0,3.4,0.14,-0.05,1.0,4.0,0.0,6.0,1,1
7.0,8.0,32.0,3.4,0.56,0.78,1.0,2.0,1.0,3.0,1,1
5.0,3.0,33.0,3.3,-0.14,-0.8,1.0,4.0,0.0,4.0,1,1
1.0,2.0,36.0,3.7,-1.57,-0.94,2.0,2.0,1.0,5.0,0,0
3.0,3.0,38.5,2.8,-0.45,-0.87,1.0,5.0,1.0,3.0,1,1
1.0,1.0,34.0,3.2,-1.6,-1.79,1.0,2.0,1.0,4.0,0,0
7.0,9.0,45.0,3.5,0.49,0.91,1.0,4.0,1.0,5.0,1,1
10.0,10.0,45.0,3.2,1.57,1.34,1.0,4.0,0.0,3.0,1,1
5.0,5.0,45.0,3.8,-0.04,-0.12,1.0,3.0,0.0,6.0,1,1
5.0,3.0,36.0,3.3,-0.1,-0.65,1.0,3.0,1.0,3.0,1,1
5.0,5.0,46.0,3.8,-0.07,0.02,1.0,3.0,0.0,6.0,1,1
9.0,8.0,32.0,3.1,1.09,0.73,1.0,4.0,1.0,5.0,1,1
6.0,8.0,35.0,3.1,0.12,0.62,1.0,4.0,0.0,5.0,1,1
4.0,8.0,35.0,3.7,-0.27,0.54,1.0,4.0,0.0,2.0,1,1
3.0,2.0,30.0,3.2,-0.43,-0.93,1.0,4.0,1.0,4.0,0,1
5.0,5.0,28.0,3.1,-0.09,-0.24,1.0,4.0,1.0,4.0,0,1
1.0,3.0,31.0,3.0,-2.71,-0.59,1.0,2.0,0.0,3.0,1,1
9.0,10.0,28.0,2.9,0.99,1.4,1.0,2.0,1.0,2.0,0,1
8.0,6.0,35.0,2.6,0.63,-0.02,1.0,4.0,1.0,2.0,1,1
2.0,2.0,32.0,2.8,-1.1,-1.3,1.0,3.0,1.0,5.0,0,1
5.0,8.0,35.0,3.8,-0.06,0.57,1.0,3.0,0.0,4.0,1,1
10.0,10.0,40.0,3.5,1.34,1.41,2.0,2.0,1.0,3.0,1,1
6.0,6.0,37.0,3.2,0.14,0.18,1.0,2.0,0.0,3.0,1,1
5.0,6.0,33.0,3.1,-0.04,0.18,1.0,4.0,0.0,5.0,1,1
5.0,5.0,41.0,3.1,-0.05,-0.17,1.0,4.0,1.0,4.0,1,1
4.0,4.0,34.0,2.9,-0.38,-0.49,1.0,3.0,0.0,3.0,1,0
6.0,6.0,34.0,3.7,0.22,0.09,1.0,3.0,1.0,3.0,1,0
3.0,2.0,23.0,2.9,-0.56,-1.28,1.0,3.0,0.0,1.0,0,0
2.0,6.0,32.0,3.4,-0.96,0.12,1.0,4.0,0.0,5.0,0,1
5.0,5.0,42.0,3.9,-0.18,-0.08,1.0,4.0,0.0,5.0,1,1
10.0,10.0,39.0,3.1,1.25,1.69,2.0,3.0,1.0,2.0,1,1
4.0,4.0,41.0,3.5,-0.2,-0.29,1.0,3.0,0.0,4.0,1,1
8.0,6.0,48.0,2.8,0.62,0.24,1.0,4.0,1.0,5.0,1,1
1.0,1.0,26.5,3.3,-1.27,-1.89,1.0,1.0,1.0,1.0,0,0
8.0,7.0,33.0,3.1,0.65,0.52,1.0,5.0,1.0,2.0,1,1
10.0,9.0,31.0,3.0,1.45,0.96,1.0,4.0,1.0,2.0,0,1
8.0,8.0,39.0,3.4,0.87,0.76,1.0,3.0,1.0,3.0,1,1
5.0,6.0,32.0,3.2,-0.11,0.1,2.0,3.0,0.0,5.0,0,1
7.0,6.0,36.0,3.6,0.44,0.14,2.0,3.0,1.0,4.0,1,1
4.0,3.0,44.0,3.3,-0.33,-0.71,1.0,5.0,1.0,6.0,1,1
10.0,9.0,34.5,3.4,1.96,0.89,1.0,3.0,0.0,4.0,1,1
5.0,6.0,36.0,3.6,-0.03,0.2,1.0,4.0,0.0,4.0,1,1
1.0,1.0,35.0,3.4,-1.17,-1.48,1.0,4.0,1.0,3.0,1,1
9.0,9.0,45.0,3.7,1.28,1.14,1.0,3.0,0.0,3.0,1,1
1.0,1.0,26.0,3.4,-1.51,-1.79,1.0,4.0,0.0,4.0,0,0
9.0,10.0,35.0,3.8,1.01,1.7,1.0,3.0,0.0,4.0,1,1
10.0,10.0,33.0,3.0,2.3,1.66,1.0,4.0,0.0,4.0,1,1
10.0,10.0,37.0,3.2,1.87,1.6,1.0,3.0,1.0,2.0,1,1
3.0,3.0,40.0,3.8,-0.54,-0.71,1.0,3.0,0.0,4.0,1,1
4.0,5.0,36.0,2.8,-0.41,-0.15,1.0,3.0,1.0,3.0,1,1
10.0,1.0,28.0,3.3,1.37,-1.94,1.0,3.0,0.0,5.0,0,0
10.0,10.0,42.0,3.7,1.92,1.71,1.0,5.0,1.0,5.0,1,1
7.0,9.0,34.5,2.9,0.53,0.95,1.0,4.0,1.0,3.0,1,1
9.0,7.0,40.5,3.2,1.13,0.54,1.0,4.0,1.0,3.0,1,1
8.0,5.0,37.0,3.1,0.74,-0.12,1.0,4.0,1.0,4.0,1,1
7.0,9.0,42.0,3.5,0.51,0.93,1.0,3.0,1.0,2.0,1,1
9.0,9.0,37.0,2.3,0.86,1.14,1.0,2.0,1.0,2.0,1,1
2.0,1.0,31.0,3.1,-1.12,-1.34,1.0,3.0,1.0,4.0,0,1
2.0,2.0,32.0,2.8,-0.83,-1.23,1.0,4.0,0.0,4.0,0,1
5.0,4.0,33.5,3.8,-0.12,-0.39,1.0,4.0,1.0,6.0,1,1
6.0,8.0,34.0,2.8,0.13,0.68,1.0,4.0,0.0,2.0,1,1
4.0,5.0,40.0,3.3,-0.24,-0.09,1.0,4.0,0.0,5.0,1,1
5.0,5.0,45.0,3.9,0.05,-0.05,1.0,4.0,0.0,6.0,1,1
3.0,6.0,35.0,3.2,-0.59,0.18,1.0,5.0,1.0,3.0,1,1
6.0,8.0,35.0,3.9,0.32,0.74,1.0,3.0,0.0,4.0,1,1
6.0,8.0,36.0,2.9,0.27,0.73,1.0,3.0,0.0,3.0,1,1
3.0,4.0,29.0,3.6,-0.58,-0.45,1.0,4.0,0.0,1.0,0,0
9.0,10.0,34.0,3.9,1.22,1.58,1.0,3.0,0.0,4.0,1,1
4.0,3.0,39.0,3.3,-0.26,-0.56,1.0,3.0,0.0,5.0,1,1
1.0,1.0,44.0,2.8,-1.38,-1.72,1.0,4.0,1.0,4.0,1,1
4.0,5.0,36.5,3.6,-0.28,-0.1,1.0,3.0,0.0,3.0,1,1
4.0,5.0,46.0,3.1,-0.29,-0.13,1.0,3.0,1.0,4.0,1,1
6.0,4.0,37.5,2.8,0.17,-0.28,1.0,4.0,1.0,3.0,1,1
5.0,4.0,38.0,3.4,0.02,-0.25,1.0,4.0,0.0,5.0,1,1
3.0,2.0,39.0,2.6,-0.52,-0.9,1.0,3.0,1.0,3.0,1,1
2.0,3.0,39.0,3.0,-0.81,-0.86,1.0,3.0,1.0,3.0,1,1
9.0,9.0,34.0,3.3,0.94,0.93,1.0,4.0,0.0,4.0,1,1
1.0,1.0,41.0,2.9,-1.41,-1.74,1.0,3.0,1.0,4.0,1,1
2.0,1.0,24.0,2.8,-0.97,-1.36,2.0,3.0,0.0,5.0,0,0
6.0,8.0,38.0,3.2,0.21,0.59,1.0,4.0,0.0,5.0,1,1
2.0,3.0,40.0,3.1,-0.8,-0.79,1.0,4.0,0.0,5.0,1,1
5.0,4.0,35.0,3.5,-0.12,-0.26,1.0,3.0,0.0,6.0,1,1
2.0,2.0,39.0,3.4,-0.77,-1.15,1.0,5.0,1.0,3.0,1,1
7.0,9.0,42.0,2.7,0.51,1.02,1.0,3.0,1.0,2.0,1,1
10.0,8.0,35.0,3.6,1.37,0.84,1.0,3.0,1.0,3.0,1,1
1.0,1.0,36.0,3.6,-1.2,-1.78,1.0,2.0,0.0,5.0,0,0
5.0,6.0,34.0,3.6,-0.13,0.17,1.0,4.0,1.0,3.0,1,1
5.0,3.0,36.0,3.3,-0.14,-0.55,1.0,3.0,1.0,6.0,0,1
9.0,8.0,35.0,2.8,0.97,0.63,1.0,4.0,0.0,5.0,1,1
3.0,5.0,40.0,3.7,-0.46,-0.1,1.0,3.0,0.0,3.0,0,1
3.0,2.0,36.0,2.7,-0.81,-1.19,1.0,5.0,1.0,6.0,0,1
4.0,3.0,32.0,3.7,-0.38,-0.54,1.0,2.0,0.0,5.0,0,1
3.0,5.0,36.0,3.2,-0.47,-0.27,1.0,3.0,1.0,3.0,1,1
8.0,8.0,40.0,3.6,0.68,0.75,1.0,4.0,1.0,4.0,1,1
1.0,1.0,33.0,3.8,-1.54,-1.42,2.0,3.0,0.0,3.0,1,0
3.0,2.0,35.0,3.2,-0.51,-1.21,2.0,1.0,0.0,3.0,0,0
1.0,1.0,22.0,2.6,-1.41,-1.66,1.0,1.0,1.0,3.0,0,0
6.0,7.0,34.0,3.5,0.18,0.3,1.0,3.0,1.0,2.0,1,1
6.0,6.0,37.0,3.8,0.32,0.24,1.0,3.0,0.0,6.0,1,1
3.0,3.0,35.0,2.8,-0.45,-0.89,1.0,4.0,0.0,2.0,1,1
5.0,5.0,39.0,3.2,0.05,-0.18,1.0,2.0,1.0,6.0,1,1
9.0,9.0,42.0,3.0,0.96,1.2,1.0,4.0,1.0,4.0,1,1
6.0,6.0,36.0,3.8,0.31,0.23,1.0,4.0,1.0,4.0,1,1
3.0,2.0,34.0,3.8,-0.57,-0.97,1.0,3.0,0.0,3.0,0,1
10.0,10.0,38.0,2.1,3.04,3.45,1.0,4.0,1.0,3.0,1,1
4.0,5.0,39.0,3.3,-0.32,-0.14,1.0,3.0,0.0,3.0,0,1
10.0,9.0,39.0,3.0,1.43,1.16,1.0,4.0,0.0,3.0,1,1
1.0,2.0,22.0,2.7,-1.11,-1.07,1.0,3.0,0.0,1.0,0,1
7.0,8.0,29.0,2.5,0.32,0.61,1.0,4.0,1.0,2.0,1,1
10.0,9.0,46.0,3.1,2.03,0.98,1.0,3.0,1.0,6.0,1,1
7.0,4.0,35.0,3.1,0.49,-0.53,1.0,4.0,0.0,4.0,1,0
9.0,5.0,40.0,3.3,0.93,-0.03,1.0,2.0,1.0,5.0,1,1
10.0,10.0,43.0,3.7,1.6,1.55,1.0,3.0,1.0,6.0,1,1
9.0,7.0,40.0,3.4,1.0,0.49,1.0,5.0,1.0,5.0,1,1
9.0,10.0,32.0,2.7,1.16,1.55,1.0,2.0,1.0,3.0,1,1
4.0,3.0,40.0,3.2,-0.35,-0.71,1.0,4.0,0.0,3.0,1,1
8.0,7.0,38.0,3.9,0.66,0.37,1.0,4.0,1.0,4.0,1,1
7.0,5.0,39.0,3.4,0.54,-0.01,1.0,3.0,1.0,5.0,1,1
9.0,8.0,41.0,3.7,1.01,0.62,1.0,4.0,1.0,4.0,1,1
10.0,10.0,37.0,4.0,2.33,2.15,1.0,3.0,0.0,3.0,1,1
2.0,1.0,26.0,3.1,-0.84,-1.71,1.0,1.0,1.0,2.0,0,0
3.0,2.0,34.0,3.0,-0.6,-1.1,1.0,2.0,1.0,3.0,1,0
1.0,1.0,41.0,2.7,-1.57,-1.87,1.0,4.0,1.0,3.0,0,0
10.0,9.0,34.5,3.4,1.33,1.18,1.0,4.0,1.0,3.0,1,1
5.0,6.0,44.0,3.2,0.08,0.04,1.0,3.0,0.0,4.0,1,1
7.0,8.0,39.0,3.1,0.4,0.54,1.0,2.0,0.0,5.0,0,1
10.0,10.0,44.0,4.0,1.7,1.62,1.0,3.0,0.0,4.0,1,1
10.0,10.0,39.0,4.0,1.67,1.58,1.0,3.0,0.0,5.0,1,1
8.0,9.0,39.5,3.2,0.76,1.17,1.0,3.0,0.0,3.0,1,1
6.0,5.0,34.0,2.8,0.22,-0.05,1.0,3.0,0.0,3.0,1,1
9.0,8.0,40.0,3.6,1.1,0.85,1.0,4.0,1.0,4.0,1,1
1.0,1.0,36.0,2.5,-1.4,-1.83,1.0,4.0,1.0,4.0,1,1
3.0,2.0,42.0,3.8,-0.56,-1.0,1.0,4.0,0.0,6.0,1,1
3.0,3.0,33.0,3.0,-0.72,-0.9,1.0,4.0,0.0,2.0,1,0
1.0,2.0,37.0,3.1,-1.5,-0.96,1.0,4.0,1.0,5.0,1,1
10.0,10.0,48.0,3.6,2.76,3.12,1.0,3.0,1.0,5.0,1,1
3.0,4.0,46.0,3.3,-0.51,-0.26,1.0,3.0,0.0,5.0,1,1
1.0,1.0,42.0,2.9,-1.17,-1.4,1.0,3.0,1.0,5.0,1,1
9.0,10.0,39.0,3.4,1.12,1.5,1.0,4.0,0.0,5.0,1,1
4.0,5.0,39.0,2.7,-0.28,-0.28,1.0,4.0,0.0,2.0,1,0
1.0,3.0,33.0,3.1,-1.23,-0.8,1.0,4.0,1.0,3.0,0,1
2.0,2.0,45.0,3.1,-0.73,-0.92,1.0,4.0,0.0,3.0,1,1
7.0,6.0,35.0,3.2,0.46,0.07,1.0,4.0,1.0,3.0,1,1
6.0,6.0,31.5,2.7,0.07,0.07,1.0,4.0,1.0,3.0,1,1
5.0,4.0,36.0,3.4,-0.16,-0.47,1.0,4.0,1.0,4.0,1,1
7.0,10.0,31.0,3.4,0.46,1.43,1.0,3.0,1.0,3.0,1,1
10.0,10.0,37.5,2.8,1.9,1.66,1.0,3.0,0.0,4.0,1,1
8.0,8.0,38.0,3.6,0.88,0.65,1.0,4.0,1.0,4.0,1,1
1.0,2.0,36.0,3.3,-1.42,-1.29,1.0,3.0,0.0,3.0,0,0
10.0,10.0,32.0,3.5,1.91,2.15,1.0,4.0,0.0,3.0,1,1
6.0,4.0,47.0,3.2,0.06,-0.3,1.0,3.0,0.0,3.0,1,1
8.0,9.0,38.0,2.8,0.77,0.93,1.0,4.0,1.0,4.0,1,1
7.0,4.0,39.0,3.5,0.37,-0.34,1.0,4.0,1.0,5.0,1,1
8.0,8.0,40.0,3.6,0.6,0.65,1.0,4.0,0.0,5.0,1,1
2.0,2.0,37.5,3.7,-0.85,-1.22,1.0,2.0,0.0,5.0,1,0
8.0,9.0,44.0,3.6,0.81,1.28,1.0,3.0,0.0,5.0,1,1
10.0,9.0,42.0,3.2,1.36,0.88,1.0,3.0,1.0,4.0,1,1
4.0,4.0,35.5,3.4,-0.19,-0.44,1.0,4.0,0.0,3.0,1,0
8.0,8.0,33.0,2.7,0.73,0.83,1.0,4.0,0.0,4.0,1,1
4.0,4.0,44.0,3.6,-0.46,-0.5,1.0,2.0,1.0,6.0,1,1
5.0,4.0,30.0,3.6,0.03,-0.49,1.0,3.0,1.0,5.0,0,1
10.0,9.0,42.0,2.4,2.13,1.3,1.0,3.0,0.0,2.0,1,1
7.0,8.0,27.0,3.7,0.45,0.75,1.0,3.0,0.0,3.0,1,1
8.0,7.0,41.0,3.1,0.74,0.44,1.0,2.0,1.0,3.0,1,1
5.0,4.0,38.0,3.1,0.01,-0.34,1.0,5.0,1.0,5.0,1,1
8.0,8.0,37.0,2.8,0.72,0.73,1.0,2.0,0.0,3.0,1,1
5.0,5.0,40.0,3.1,-0.12,-0.1,1.0,5.0,1.0,3.0,1,1
8.0,7.0,40.0,3.2,0.84,0.5,1.0,4.0,1.0,3.0,1,1
4.0,6.0,36.0,3.3,-0.07,0.19,1.0,4.0,0.0,1.0,1,0
6.0,6.0,40.0,3.7,0.29,0.14,1.0,3.0,0.0,4.0,1,1
1.0,2.0,37.0,2.9,-1.53,-1.23,1.0,2.0,0.0,3.0,1,1
9.0,10.0,44.0,4.0,1.29,1.24,1.0,4.0,1.0,6.0,1,1
7.0,9.0,45.0,4.0,0.34,1.05,1.0,3.0,0.0,4.0,1,1
5.0,5.0,41.0,3.2,-0.16,-0.19,1.0,5.0,1.0,6.0,1,0
10.0,10.0,36.0,3.0,1.46,1.52,1.0,4.0,1.0,3.0,1,1
7.0,7.0,31.0,3.0,0.44,0.47,1.0,3.0,0.0,3.0,1,1
6.0,8.0,40.0,3.3,0.18,0.84,2.0,4.0,1.0,3.0,1,1
5.0,5.0,38.0,4.0,-0.03,-0.06,1.0,3.0,0.0,4.0,0,1
3.0,1.0,36.0,3.3,-0.83,-1.82,1.0,3.0,0.0,6.0,1,0
4.0,4.0,47.0,3.0,-0.4,-0.46,1.0,4.0,1.0,4.0,1,1
7.0,7.0,44.0,3.4,0.48,0.55,1.0,5.0,0.0,4.0,1,1
1.0,1.0,32.0,2.8,-1.53,-1.35,1.0,3.0,0.0,2.0,1,1
3.0,1.0,39.0,3.1,-0.68,-1.53,1.0,5.0,0.0,4.0,1,1
2.0,2.0,33.0,3.5,-0.84,-1.19,1.0,4.0,0.0,2.0,1,0
3.0,3.0,35.5,3.2,-0.65,-0.73,1.0,3.0,0.0,5.0,1,1
8.0,8.0,37.0,3.5,0.87,0.81,1.0,3.0,0.0,4.0,1,1
9.0,10.0,41.0,3.8,1.16,1.33,1.0,4.0,0.0,4.0,1,1
6.0,5.0,40.0,3.1,0.22,-0.12,1.0,4.0,1.0,4.0,1,1
1.0,1.0,30.0,2.9,-2.74,-3.13,1.0,4.0,1.0,4.0,0,0
2.0,4.0,30.0,3.2,-1.14,-0.37,2.0,3.0,0.0,5.0,1,0
6.0,8.0,41.0,2.9,0.28,0.74,1.0,4.0,1.0,4.0,1,1
10.0,10.0,35.5,2.8,1.49,1.59,1.0,4.0,0.0,3.0,1,1
6.0,4.0,41.0,2.4,0.28,-0.31,1.0,3.0,1.0,3.0,1,1
4.0,3.0,15.5,3.2,-0.26,-0.83,1.0,1.0,0.0,1.0,0,0
5.0,6.0,30.0,3.5,-0.05,0.23,1.0,4.0,0.0,3.0,1,1
1.0,1.0,26.0,3.6,-1.74,-1.8,1.0,1.0,0.0,3.0,0,1
6.0,6.0,39.0,2.9,0.26,0.03,1.0,5.0,1.0,3.0,1,1
10.0,10.0,40.0,3.4,1.72,1.58,1.0,5.0,1.0,4.0,1,1
9.0,10.0,38.0,2.4,1.26,1.48,1.0,4.0,1.0,3.0,1,1
10.0,10.0,39.0,3.7,1.37,1.34,1.0,4.0,1.0,5.0,1,1
10.0,10.0,39.0,3.3,1.6,1.7,1.0,4.0,0.0,3.0,1,1
1.0,9.0,34.0,3.6,-1.63,1.09,2.0,1.0,1.0,4.0,1,1
3.0,3.0,40.0,3.7,-0.49,-0.55,1.0,1.0,0.0,5.0,1,1
1.0,1.0,29.5,2.0,-1.13,-1.36,2.0,4.0,0.0,3.0,0,0
7.0,10.0,32.7,3.0,0.51,1.58,1.0,5.0,0.0,3.0,1,1
9.0,9.0,40.0,2.7,1.04,1.02,1.0,4.0,1.0,2.0,1,1
10.0,10.0,34.0,3.1,1.45,1.43,1.0,3.0,1.0,2.0,1,1
8.0,8.0,40.0,3.9,0.83,0.86,1.0,4.0,0.0,3.0,1,1
7.0,8.0,39.5,3.1,0.51,0.64,1.0,4.0,0.0,3.0,1,1
8.0,8.0,43.0,3.0,0.73,0.67,1.0,4.0,1.0,4.0,1,1
9.0,9.0,43.0,3.3,1.06,1.22,1.0,4.0,0.0,4.0,1,1
5.0,5.0,30.0,3.3,0.01,-0.04,1.0,4.0,0.0,3.0,1,1
3.0,4.0,37.0,2.9,-0.51,-0.41,1.0,4.0,0.0,3.0,1,1
1.0,3.0,34.5,2.6,-1.13,-0.78,1.0,4.0,1.0,2.0,1,1
9.0,10.0,32.0,3.0,0.93,1.83,1.0,1.0,1.0,2.0,1,1
2.0,4.0,36.0,3.2,-1.07,-0.57,1.0,2.0,0.0,2.0,1,1
8.0,6.0,30.0,3.9,0.75,0.24,2.0,4.0,1.0,5.0,1,1
4.0,5.0,40.0,3.2,-0.42,-0.18,1.0,5.0,1.0,5.0,1,1
9.0,6.0,37.0,3.3,1.16,0.18,1.0,4.0,0.0,3.0,1,1
5.0,6.0,36.0,3.0,0.05,0.12,2.0,3.0,0.0,3.0,1,0
4.0,4.0,32.3,2.8,-0.28,-0.44,2.0,2.0,1.0,3.0,1,1
10.0,9.0,37.0,2.5,1.36,1.17,1.0,4.0,0.0,2.0,1,1
7.0,8.0,43.0,2.7,0.48,0.73,1.0,4.0,1.0,5.0,1,1
10.0,10.0,41.0,3.5,1.88,1.81,1.0,4.0,0.0,3.0,1,1
1.0,2.0,35.0,3.1,-1.17,-1.13,1.0,3.0,1.0,4.0,1,0
2.0,1.0,35.0,2.9,-1.14,-1.72,1.0,3.0,1.0,5.0,1,0
8.0,8.0,36.0,3.5,0.7,0.78,1.0,4.0,1.0,2.0,1,1
8.0,7.0,36.0,3.3,0.6,0.31,2.0,3.0,0.0,3.0,1,1
7.0,8.0,38.0,2.3,0.47,0.71,1.0,4.0,1.0,4.0,1,1
10.0,10.0,32.0,3.8,1.31,1.37,2.0,3.0,0.0,3.0,1,1
9.0,10.0,32.0,3.2,1.14,1.57,1.0,3.0,0.0,1.0,0,1
4.0,3.0,36.0,3.2,-0.39,-0.71,1.0,4.0,1.0,3.0,1,1
3.0,3.0,29.0,3.7,-0.43,-0.68,1.0,3.0,0.0,3.0,1,0
3.0,3.0,25.5,2.5,-0.4,-0.75,1.0,4.0,1.0,1.0,1,1
9.0,9.0,41.0,3.7,1.06,1.28,1.0,4.0,1.0,3.0,1,1
8.0,6.0,33.0,3.2,0.82,0.15,1.0,4.0,1.0,3.0,1,1
1.0,1.0,34.0,2.8,-1.63,-1.45,1.0,3.0,1.0,5.0,0,0
3.0,6.0,35.0,3.0,-0.55,0.03,1.0,1.0,0.0,5.0,1,1
6.0,10.0,30.5,2.7,0.31,1.55,2.0,5.0,1.0,3.0,1,1
10.0,9.0,48.0,3.8,1.37,1.13,1.0,3.0,1.0,5.0,1,1
4.0,3.0,24.0,3.8,-0.23,-0.57,1.0,3.0,0.0,1.0,0,0
8.0,6.0,32.0,3.1,0.78,0.15,2.0,3.0,1.0,5.0,1,0
1.0,2.0,29.0,3.1,-1.09,-1.09,1.0,3.0,0.0,2.0,1,1
9.0,10.0,37.0,2.6,1.1,1.35,1.0,3.0,1.0,3.0,1,1
3.0,6.0,33.0,2.4,-0.47,0.04,1.0,2.0,1.0,2.0,1,1
3.0,4.0,29.5,3.9,-0.6,-0.5,1.0,5.0,0.0,3.0,1,0
7.0,7.0,41.0,3.8,0.48,0.35,1.0,3.0,0.0,4.0,1,1
10.0,10.0,41.0,3.2,1.99,2.16,1.0,3.0,1.0,4.0,1,1
2.0,2.0,40.0,3.2,-1.03,-0.93,1.0,3.0,0.0,6.0,1,1
10.0,5.0,39.0,2.3,1.47,0.02,2.0,4.0,0.0,5.0,1,1
5.0,3.0,37.0,3.0,0.01,-0.54,1.0,3.0,1.0,4.0,1,1
1.0,4.0,40.0,3.2,-1.51,-0.27,1.0,4.0,0.0,5.0,1,1
6.0,9.0,42.0,3.9,0.16,0.97,1.0,4.0,1.0,3.0,1,1
10.0,10.0,31.5,3.6,1.46,1.39,1.0,5.0,1.0,5.0,1,1
4.0,1.0,39.0,3.8,-0.33,-1.32,1.0,4.0,1.0,3.0,1,0
5.0,4.0,48.0,3.5,-0.15,-0.4,1.0,4.0,1.0,5.0,1,1
10.0,5.0,36.0,3.1,1.33,-0.17,1.0,3.0,1.0,2.0,1,1
4.0,5.0,42.0,3.4,-0.25,-0.1,1.0,4.0,0.0,4.0,1,1
6.0,6.0,33.0,3.1,0.07,0.22,1.0,4.0,0.0,3.0,1,1
2.0,2.0,19.5,3.4,-0.89,-1.17,2.0,5.0,1.0,3.0,0,0
5.0,6.0,38.0,3.3,0.07,0.21,1.0,4.0,1.0,6.0,1,1
9.0,5.0,39.5,3.1,1.14,-0.1,1.0,4.0,1.0,3.0,1,1
1.0,1.0,28.0,3.2,-2.0,-2.36,1.0,4.0,0.0,3.0,1,0
4.0,2.0,30.0,3.9,-0.45,-0.86,1.0,3.0,0.0,5.0,0,0
3.0,2.0,28.5,2.9,-0.63,-1.09,1.0,4.0,1.0,5.0,0,0
7.0,8.0,45.0,3.6,0.57,0.6,1.0,4.0,1.0,6.0,1,1
6.0,7.0,48.0,3.6,0.14,0.32,1.0,3.0,0.0,5.0,1,1
5.0,5.0,41.0,3.3,0.05,-0.16,1.0,3.0,1.0,3.0,1,1
9.0,10.0,35.0,4.0,1.22,1.29,1.0,3.0,1.0,4.0,1,1
7.0,7.0,32.7,2.4,0.47,0.36,1.0,3.0,0.0,3.0,1,1
7.0,7.0,35.0,2.7,0.48,0.32,2.0,4.0,0.0,3.0,1,0
7.0,7.0,38.0,2.8,0.52,0.38,1.0,3.0,0.0,3.0,1,1
2.0,4.0,26.0,2.9,-1.03,-0.47,1.0,4.0,0.0,2.0,1,1
7.0,5.0,40.5,3.7,0.4,-0.2,1.0,3.0,1.0,5.0,1,1
3.0,4.0,44.0,3.4,-0.5,-0.34,1.0,2.0,0.0,4.0,1,1
7.0,8.0,41.0,2.7,0.47,0.64,1.0,3.0,0.0,4.0,1,1
10.0,4.0,32.5,2.6,1.29,-0.37,1.0,3.0,0.0,5.0,1,1
3.0,4.0,29.0,3.3,-0.44,-0.31,1.0,4.0,0.0,3.0,1,1
10.0,8.0,33.0,3.9,1.56,0.57,2.0,2.0,0.0,5.0,1,1
9.0,9.0,40.0,2.8,0.92,1.27,1.0,4.0,0.0,3.0,0,1
4.0,5.0,36.0,3.5,-0.19,-0.21,1.0,4.0,1.0,3.0,0,0
8.0,10.0,39.0,2.6,0.83,1.31,1.0,3.0,1.0,5.0,1,1
3.0,2.0,36.0,3.3,-0.71,-0.88,1.0,4.0,0.0,4.0,1,1
3.0,2.0,17.0,3.3,-0.44,-1.06,1.0,3.0,0.0,2.0,0,0
1.0,1.0,30.0,2.7,-1.69,-2.19,1.0,2.0,0.0,3.0,0,0
6.0,6.0,42.0,3.9,0.16,0.21,1.0,4.0,0.0,6.0,1,1
8.0,7.0,41.0,3.1,0.59,0.38,1.0,4.0,0.0,3.0,1,1
4.0,1.0,39.0,2.8,-0.44,-1.33,2.0,3.0,0.0,5.0,1,1
5.0,5.0,34.5,3.0,-0.03,-0.26,1.0,5.0,0.0,3.0,1,1
3.0,4.0,31.3,3.0,-0.6,-0.34,1.0,4.0,1.0,3.0,1,1
1.0,1.0,32.0,3.0,-1.17,-1.76,1.0,3.0,0.0,3.0,0,0
4.0,5.0,41.0,3.3,-0.26,-0.25,1.0,4.0,1.0,3.0,1,1
2.0,1.0,30.0,2.3,-0.93,-1.63,1.0,3.0,1.0,4.0,0,0
5.0,4.0,36.0,2.6,-0.13,-0.37,1.0,3.0,1.0,3.0,1,1
9.0,10.0,39.0,3.0,0.99,1.59,1.0,2.0,1.0,5.0,0,1
5.0,4.0,37.0,3.4,-0.1,-0.4,1.0,5.0,0.0,3.0,1,1
7.0,7.0,40.0,3.3,0.49,0.53,1.0,4.0,1.0,4.0,1,1
7.0,5.0,40.0,2.7,0.47,-0.06,2.0,4.0,0.0,5.0,1,1
1.0,1.0,27.0,3.0,-1.17,-2.19,1.0,3.0,1.0,4.0,0,0
2.0,2.0,35.0,2.4,-0.88,-1.1,1.0,4.0,1.0,5.0,1,0
2.0,3.0,42.0,3.5,-0.99,-0.62,1.0,3.0,0.0,4.0,1,1
5.0,8.0,32.0,3.8,-0.03,0.66,1.0,4.0,0.0,4.0,1,1
9.0,9.0,40.0,2.0,1.2,0.91,1.0,5.0,1.0,3.0,1,1
2.0,2.0,37.0,3.4,-0.84,-0.92,1.0,4.0,0.0,3.0,1,1
2.0,1.0,34.0,2.9,-0.87,-1.51,1.0,3.0,0.0,3.0,1,0
7.0,8.0,46.0,3.5,0.57,0.72,1.0,4.0,1.0,6.0,1,1
1.0,2.0,29.0,3.3,-1.34,-1.27,1.0,3.0,0.0,5.0,0,0
9.0,8.0,39.0,3.0,0.93,0.74,1.0,5.0,0.0,4.0,1,1
3.0,3.0,42.5,3.7,-0.46,-0.77,1.0,4.0,1.0,4.0,1,1
3.0,4.0,36.0,3.2,-0.54,-0.35,1.0,4.0,1.0,4.0,0,1
4.0,5.0,30.0,2.9,-0.34,-0.22,1.0,4.0,1.0,3.0,1,1
2.0,2.0,44.0,2.8,-1.07,-0.99,1.0,3.0,1.0,5.0,1,0
1.0,4.0,40.0,3.7,-2.51,-0.41,1.0,4.0,1.0,5.0,1,1
8.0,9.0,33.0,2.8,0.68,0.9,1.0,4.0,1.0,3.0,1,1
1.0,1.0,26.0,3.3,-1.35,-1.48,1.0,3.0,0.0,4.0,0,0
2.0,2.0,45.0,3.8,-1.13,-0.99,1.0,3.0,0.0,4.0,1,1
5.0,4.0,36.0,3.3,-0.17,-0.41,1.0,5.0,0.0,5.0,0,1
6.0,7.0,37.0,3.6,0.23,0.33,1.0,3.0,0.0,3.0,1,1
1.0,2.0,35.0,2.8,-1.16,-1.08,1.0,3.0,0.0,3.0,1,0
10.0,10.0,36.0,3.3,2.06,2.03,1.0,4.0,0.0,5.0,1,1
10.0,10.0,41.0,2.7,1.44,1.69,1.0,3.0,0.0,3.0,1,1
3.0,4.0,39.0,3.2,-0.71,-0.31,1.0,3.0,1.0,4.0,1,1
5.0,3.0,46.0,3.3,-0.12,-0.73,1.0,3.0,0.0,4.0,1,1
3.0,3.0,42.0,3.4,-0.78,-0.65,1.0,4.0,0.0,6.0,0,1
1.0,3.0,31.5,3.1,-1.35,-0.73,2.0,3.0,1.0,5.0,1,1
10.0,10.0,36.0,3.0,1.96,1.8,1.0,4.0,0.0,4.0,1,1
10.0,9.0,33.0,3.1,1.39,1.22,1.0,4.0,1.0,3.0,1,1
10.0,10.0,36.0,3.6,2.1,1.96,1.0,4.0,0.0,3.0,1,1
2.0,4.0,40.0,3.3,-0.81,-0.56,1.0,4.0,0.0,3.0,1,1
6.0,4.0,44.0,2.4,0.09,-0.26,1.0,4.0,1.0,5.0,1,1
4.0,2.0,33.0,2.4,-0.42,-0.98,1.0,3.0,1.0,2.0,1,1
5.0,7.0,27.0,3.2,0.02,0.25,1.0,4.0,1.0,2.0,1,1
10.0,9.0,41.0,2.8,1.68,0.97,1.0,4.0,1.0,4.0,1,1
9.0,10.0,31.0,3.6,0.91,1.7,1.0,4.0,0.0,5.0,1,1
7.0,9.0,36.0,2.3,0.5,1.03,2.0,4.0,1.0,3.0,1,1
9.0,7.0,30.0,3.1,1.29,0.32,1.0,4.0,1.0,3.0,0,1
5.0,3.0,34.0,3.8,-0.16,-0.7,1.0,3.0,1.0,5.0,1,0
5.0,3.0,32.5,3.5,-0.01,-0.88,1.0,4.0,0.0,3.0,1,0
9.0,8.0,41.0,2.9,1.3,0.65,1.0,3.0,1.0,4.0,1,1
8.0,6.0,48.0,3.3,0.86,0.25,1.0,4.0,1.0,5.0,1,1
7.0,4.0,46.0,3.1,0.34,-0.39,1.0,4.0,0.0,3.0,0,1
5.0,4.0,37.0,3.4,0.04,-0.43,2.0,3.0,0.0,4.0,1,1
3.0,3.0,46.0,3.5,-0.52,-0.7,1.0,3.0,0.0,6.0,1,1
5.0,5.0,38.0,2.9,0.03,-0.05,1.0,4.0,0.0,6.0,1,1
1.0,1.0,39.0,2.7,-1.38,-1.56,1.0,4.0,1.0,5.0,0,1
9.0,4.0,43.0,3.4,1.2,-0.23,1.0,3.0,1.0,6.0,1,1
2.0,2.0,34.0,2.5,-1.02,-1.06,1.0,2.0,0.0,2.0,1,0
1.0,1.0,44.0,3.0,-1.83,-1.72,1.0,3.0,0.0,5.0,0,0
6.0,6.0,34.0,3.1,0.17,-0.02,1.0,3.0,0.0,3.0,1,1
5.0,7.0,42.0,3.7,-0.03,0.45,1.0,4.0,0.0,6.0,1,1
9.0,8.0,46.0,3.8,1.27,0.87,1.0,4.0,0.0,4.0,1,1
2.0,1.0,42.0,3.8,-1.04,-1.49,1.0,3.0,0.0,5.0,1,1
6.0,7.0,37.0,3.6,0.17,0.38,1.0,4.0,0.0,4.0,1,1
9.0,10.0,37.0,3.8,1.19,1.61,1.0,4.0,0.0,3.0,1,1
9.0,7.0,41.0,3.1,1.04,0.51,1.0,4.0,0.0,3.0,1,1
7.0,7.0,45.0,3.4,0.34,0.36,1.0,2.0,0.0,5.0,0,1
5.0,4.0,31.0,4.0,-0.1,-0.32,1.0,3.0,0.0,3.0,1,1
3.0,5.0,29.5,3.0,-0.69,-0.14,1.0,4.0,1.0,5.0,1,1
5.0,5.0,46.0,3.5,0.0,-0.04,1.0,4.0,1.0,6.0,1,1
9.0,9.0,40.0,3.6,1.09,0.98,1.0,4.0,1.0,5.0,1,1
10.0,10.0,40.0,2.1,1.32,1.94,1.0,4.0,1.0,2.0,1,1
6.0,3.0,32.0,3.4,0.22,-0.67,2.0,3.0,1.0,3.0,1,1
6.0,6.0,39.0,2.8,0.3,0.16,2.0,5.0,1.0,3.0,1,1
3.0,1.0,32.0,3.0,-0.45,-1.4,1.0,4.0,0.0,3.0,0,0
4.0,7.0,38.0,2.8,-0.35,0.46,1.0,4.0,1.0,3.0,1,1
3.0,4.0,27.0,2.9,-0.72,-0.27,1.0,2.0,1.0,4.0,0,0
5.0,5.0,33.0,3.6,0.02,-0.13,1.0,4.0,0.0,1.0,1,1
6.0,7.0,39.0,3.3,0.14,0.47,1.0,4.0,0.0,3.0,1,1
8.0,8.0,32.0,2.7,0.74,0.61,1.0,5.0,0.0,2.0,1,1
6.0,8.0,42.0,3.4,0.33,0.63,1.0,5.0,1.0,4.0,1,1
2.0,1.0,24.5,3.6,-0.84,-1.44,1.0,3.0,1.0,3.0,1,1
3.0,4.0,42.0,3.1,-0.43,-0.31,1.0,1.0,1.0,4.0,1,1
5.0,7.0,32.5,3.4,-0.03,0.44,1.0,3.0,1.0,2.0,1,1
7.0,7.0,43.0,2.9,0.54,0.34,1.0,4.0,0.0,4.0,1,1
6.0,6.0,42.0,3.4,0.16,0.15,1.0,5.0,0.0,5.0,1,1
5.0,5.0,41.0,3.1,-0.07,-0.08,1.0,3.0,1.0,4.0,1,1
7.0,6.0,40.0,2.1,0.48,0.15,2.0,2.0,1.0,3.0,1,1
8.0,9.0,31.0,3.9,0.88,1.23,1.0,2.0,0.0,4.0,1,1
6.0,7.0,42.0,3.6,0.2,0.29,1.0,4.0,1.0,2.0,1,1
7.0,6.0,38.0,3.0,0.35,0.21,1.0,5.0,0.0,4.0,0,1
1.0,1.0,34.0,3.1,-1.26,-1.45,1.0,3.0,1.0,3.0,1,1
5.0,6.0,39.0,3.4,-0.16,0.12,1.0,4.0,1.0,6.0,1,1
5.0,5.0,44.0,4.0,-0.15,-0.13,1.0,4.0,1.0,5.0,1,1
9.0,8.0,31.5,3.2,1.13,0.9,1.0,3.0,0.0,1.0,1,1
3.0,1.0,41.0,3.7,-0.81,-1.48,1.0,2.0,0.0,6.0,1,0
7.0,5.0,31.0,3.4,0.33,-0.22,1.0,3.0,1.0,3.0,0,1
2.0,1.0,30.7,2.6,-0.78,-1.38,2.0,4.0,1.0,3.0,1,0
8.0,9.0,41.0,3.3,0.89,0.94,1.0,4.0,1.0,4.0,1,1
6.0,6.0,35.0,2.7,0.14,-0.02,1.0,4.0,1.0,2.0,1,1
2.0,3.0,40.0,2.9,-0.99,-0.57,1.0,4.0,0.0,3.0,1,1
9.0,9.0,37.0,3.5,0.96,1.17,1.0,4.0,0.0,4.0,1,1
4.0,6.0,47.0,3.6,-0.27,0.14,1.0,4.0,1.0,5.0,0,1
8.0,9.0,37.0,3.0,0.74,1.3,1.0,4.0,1.0,3.0,1,1
5.0,6.0,34.0,3.2,0.08,0.02,1.0,4.0,0.0,4.0,1,1
4.0,2.0,46.0,3.8,-0.25,-1.04,1.0,3.0,0.0,5.0,1,1
1.0,2.0,39.0,3.5,-1.22,-0.94,1.0,5.0,1.0,4.0,1,1
10.0,10.0,42.0,3.7,1.83,2.28,1.0,4.0,0.0,5.0,1,1
2.0,2.0,32.0,3.9,-0.74,-1.22,1.0,3.0,0.0,3.0,1,0
1.0,1.0,26.5,3.9,-2.23,-1.88,1.0,1.0,1.0,3.0,1,0
3.0,5.0,39.0,3.4,-0.7,-0.24,1.0,5.0,1.0,5.0,1,1
8.0,7.0,33.0,3.5,0.69,0.29,1.0,4.0,0.0,4.0,1,1
6.0,7.0,41.0,3.3,0.26,0.39,1.0,3.0,1.0,4.0,1,1
10.0,9.0,41.0,3.5,1.84,1.1,1.0,4.0,0.0,5.0,1,1
1.0,1.0,31.0,2.1,-2.78,-2.56,1.0,2.0,0.0,4.0,0,1
3.0,5.0,37.0,3.3,-0.47,-0.09,1.0,4.0,0.0,3.0,1,1
2.0,3.0,30.7,2.7,-0.87,-0.62,1.0,4.0,0.0,3.0,1,1
9.0,9.0,35.0,3.4,0.91,0.95,1.0,2.0,1.0,4.0,1,1
6.0,7.0,33.0,3.0,0.21,0.27,1.0,4.0,1.0,3.0,1,1
7.0,6.0,39.0,3.1,0.36,0.22,1.0,3.0,1.0,4.0,1,1
2.0,3.0,44.0,3.9,-1.01,-0.75,1.0,4.0,1.0,6.0,1,1
2.0,1.0,35.0,3.4,-1.09,-1.46,1.0,3.0,0.0,4.0,0,0
4.0,8.0,48.0,3.3,-0.19,0.61,1.0,4.0,0.0,3.0,1,1
7.0,9.0,45.0,3.4,0.55,1.26,1.0,4.0,1.0,4.0,1,1
10.0,10.0,43.0,3.6,2.03,1.98,1.0,4.0,0.0,4.0,1,1
5.0,4.0,33.0,2.8,-0.1,-0.47,1.0,3.0,1.0,3.0,1,1
10.0,10.0,33.0,3.7,1.83,1.64,2.0,4.0,0.0,1.0,1,1
9.0,9.0,38.0,3.1,1.12,1.03,1.0,4.0,0.0,3.0,1,1
9.0,9.0,34.0,4.0,1.01,1.23,1.0,4.0,0.0,3.0,1,1
9.0,9.0,25.0,3.3,1.21,1.27,1.0,2.0,1.0,4.0,1,1
6.0,5.0,41.0,3.1,0.31,-0.16,1.0,4.0,0.0,4.0,1,1
1.0,1.0,28.0,2.8,-1.63,-2.09,1.0,3.0,1.0,4.0,0,0
2.0,1.0,41.0,3.1,-0.87,-1.73,1.0,5.0,1.0,5.0,1,1
5.0,5.0,37.0,3.1,0.0,-0.24,1.0,4.0,1.0,3.0,1,1
9.0,9.0,46.0,3.8,1.02,0.88,1.0,4.0,1.0,6.0,1,1
2.0,3.0,32.5,2.8,-0.92,-0.63,1.0,1.0,0.0,3.0,0,1
5.0,3.0,43.0,2.6,-0.02,-0.57,1.0,4.0,1.0,4.0,1,1
9.0,4.0,40.5,2.1,1.26,-0.33,1.0,3.0,1.0,5.0,1,1
9.0,7.0,39.0,3.2,1.02,0.55,1.0,5.0,1.0,3.0,1,1
6.0,5.0,37.0,3.6,0.31,-0.02,1.0,2.0,0.0,4.0,1,1
1.0,5.0,34.0,3.3,-1.24,-0.16,1.0,3.0,0.0,1.0,0,1
7.0,4.0,36.0,2.6,0.44,-0.46,1.0,1.0,1.0,4.0,0,1
1.0,2.0,34.0,3.0,-1.11,-1.25,1.0,4.0,1.0,3.0,1,1
2.0,3.0,26.5,3.3,-0.75,-0.78,1.0,4.0,0.0,2.0,1,1
3.0,2.0,41.0,3.4,-0.56,-0.98,1.0,4.0,1.0,5.0,1,0
9.0,10.0,32.0,2.9,1.29,1.53,1.0,3.0,1.0,1.0,1,1
5.0,4.0,37.0,2.8,-0.09,-0.52,2.0,3.0,0.0,3.0,1,1
2.0,1.0,33.0,3.1,-0.8,-1.29,1.0,3.0,0.0,2.0,1,0
1.0,1.0,33.0,3.5,-1.43,-1.35,1.0,3.0,1.0,5.0,1,1
3.0,4.0,32.5,3.2,-0.53,-0.34,1.0,5.0,1.0,3.0,1,1
9.0,9.0,38.0,3.2,1.24,0.93,1.0,5.0,1.0,5.0,1,1
6.0,4.0,34.5,3.2,0.22,-0.49,1.0,3.0,1.0,2.0,1,1
7.0,4.0,34.0,2.4,0.46,-0.3,1.0,4.0,1.0,3.0,1,0
6.0,8.0,39.0,2.7,0.18,0.78,1.0,3.0,1.0,2.0,1,1
6.0,8.0,28.0,3.0,0.13,0.56,1.0,4.0,1.0,2.0,1,0
2.0,4.0,30.0,2.5,-0.69,-0.33,1.0,3.0,1.0,1.0,0,1
8.0,9.0,47.0,3.9,0.87,1.1,1.0,3.0,1.0,6.0,1,1
3.0,2.0,30.0,3.3,-0.52,-0.88,2.0,4.0,0.0,5.0,1,1
5.0,4.0,43.0,2.4,-0.15,-0.54,1.0,4.0,0.0,3.0,1,1
5.0,4.0,31.0,2.7,-0.16,-0.5,2.0,4.0,1.0,2.0,1,1
2.0,4.0,34.0,3.3,-0.98,-0.59,1.0,4.0,1.0,2.0,1,0
4.0,6.0,36.0,2.9,-0.3,0.13,1.0,5.0,0.0,2.0,1,1
10.0,10.0,42.0,3.1,1.65,1.42,1.0,4.0,1.0,4.0,1,1
9.0,9.0,37.0,3.4,1.24,1.25,2.0,3.0,0.0,4.0,1,1
10.0,10.0,36.0,3.4,2.21,2.11,1.0,4.0,1.0,3.0,1,1
2.0,3.0,42.0,3.5,-0.81,-0.6,1.0,4.0,0.0,4.0,1,1
3.0,2.0,25.0,2.4,-0.42,-1.25,1.0,4.0,1.0,1.0,0,0
2.0,2.0,42.0,3.1,-0.74,-1.04,1.0,1.0,1.0,3.0,1,1
7.0,8.0,31.0,3.2,0.28,0.66,1.0,5.0,1.0,2.0,1,0
7.0,3.0,46.0,2.9,0.39,-0.76,1.0,3.0,0.0,4.0,1,0
7.0,8.0,42.0,2.9,0.5,0.73,1.0,2.0,1.0,3.0,1,1
7.0,7.0,39.0,3.2,0.37,0.31,2.0,3.0,0.0,5.0,1,1
1.0,1.0,26.0,3.3,-1.5,-1.73,1.0,3.0,1.0,3.0,0,0
4.0,3.0,33.0,2.8,-0.38,-0.68,1.0,4.0,1.0,4.0,0,1
3.0,2.0,44.0,3.2,-0.71,-1.13,1.0,4.0,0.0,5.0,0,1
3.0,3.0,46.0,2.7,-0.7,-0.62,1.0,4.0,1.0,5.0,1,1
8.0,6.0,31.0,3.1,0.8,0.0,1.0,4.0,1.0,2.0,1,1
6.0,9.0,35.0,3.9,0.2,1.01,1.0,3.0,1.0,4.0,1,1
4.0,5.0,44.0,3.7,-0.45,-0.01,1.0,4.0,1.0,5.0,1,1
7.0,6.0,43.0,3.6,0.38,0.1,1.0,4.0,1.0,5.0,1,1
7.0,9.0,31.5,3.4,0.34,0.89,1.0,4.0,0.0,3.0,1,1
8.0,7.0,35.0,2.9,0.8,0.5,1.0,4.0,1.0,3.0,1,1
3.0,6.0,41.0,3.3,-0.54,0.14,1.0,4.0,0.0,4.0,1,1
7.0,7.0,34.0,2.8,0.52,0.4,1.0,3.0,1.0,3.0,1,1
2.0,4.0,15.0,2.1,-0.61,-0.49,1.0,3.0,0.0,1.0,0,0
9.0,7.0,36.0,3.6,1.05,0.42,1.0,2.0,1.0,4.0,1,1
8.0,9.0,45.0,3.9,0.84,0.89,1.0,4.0,1.0,6.0,1,1
1.0,1.0,34.0,2.6,-1.44,-1.92,1.0,2.0,0.0,3.0,0,1
6.0,6.0,34.5,2.6,0.3,0.11,2.0,3.0,0.0,3.0,1,1
1.0,2.0,38.0,3.1,-1.58,-0.91,1.0,3.0,1.0,4.0,1,1
4.0,3.0,41.0,2.4,-0.27,-0.69,1.0,5.0,0.0,5.0,1,1
10.0,10.0,38.0,3.0,1.38,1.56,1.0,4.0,1.0,4.0,1,1
8.0,9.0,32.0,3.2,0.75,1.2,1.0,3.0,1.0,5.0,1,1
10.0,10.0,40.0,3.7,1.41,1.48,1.0,4.0,1.0,3.0,1,1
9.0,9.0,47.0,3.7,1.16,0.86,1.0,3.0,0.0,6.0,1,1
1.0,1.0,33.0,2.7,-1.23,-1.52,1.0,3.0,1.0,3.0,1,0
10.0,10.0,37.0,3.7,2.39,2.02,1.0,4.0,0.0,2.0,1,1
6.0,2.0,41.0,3.9,0.08,-0.93,1.0,1.0,1.0,5.0,1,1
2.0,6.0,41.5,2.8,-0.71,0.04,1.0,4.0,1.0,3.0,1,1
2.0,3.0,46.0,3.5,-0.85,-0.59,1.0,4.0,1.0,6.0,1,0
2.0,1.0,37.0,2.8,-1.04,-1.85,1.0,4.0,1.0,3.0,1,1
1.0,1.0,39.0,2.6,-1.89,-1.92,2.0,4.0,1.0,4.0,1,0
3.0,3.0,29.5,3.5,-0.5,-0.65,2.0,3.0,1.0,3.0,1,1
7.0,8.0,37.0,3.0,0.37,0.66,1.0,5.0,1.0,3.0,1,1
7.0,6.0,30.0,3.6,0.36,0.29,1.0,2.0,1.0,4.0,0,1
1.0,2.0,33.5,3.5,-1.41,-1.09,1.0,2.0,1.0,3.0,1,0
6.0,8.0,31.0,3.4,0.23,0.61,1.0,4.0,0.0,3.0,1,1
8.0,8.0,42.0,3.8,0.66,0.61,1.0,4.0,1.0,5.0,1,1
2.0,2.0,28.0,3.2,-0.76,-1.07,1.0,2.0,1.0,3.0,0,1
10.0,10.0,35.0,3.3,2.16,1.71,1.0,4.0,1.0,3.0,1,1
6.0,6.0,35.0,3.0,0.14,0.23,1.0,4.0,1.0,5.0,1,1
4.0,5.0,40.0,3.5,-0.37,-0.07,1.0,4.0,0.0,3.0,1,1
1.0,1.0,32.0,2.9,-1.35,-1.99,1.0,1.0,0.0,3.0,0,0
3.0,4.0,41.0,2.9,-0.64,-0.46,1.0,4.0,0.0,5.0,1,1
4.0,2.0,44.0,3.0,-0.4,-1.17,1.0,3.0,1.0,4.0,1,1
1.0,1.0,33.0,3.5,-1.47,-1.74,1.0,2.0,0.0,5.0,0,1
8.0,6.0,31.0,3.5,0.66,0.04,2.0,4.0,0.0,5.0,1,0
9.0,10.0,37.0,3.4,1.15,1.95,1.0,3.0,1.0,5.0,1,1
2.0,1.0,31.0,3.0,-1.05,-1.37,1.0,3.0,0.0,5.0,0,0
6.0,6.0,41.0,3.7,0.27,0.16,1.0,4.0,1.0,5.0,0,1
4.0,5.0,43.0,3.9,-0.32,-0.18,1.0,4.0,1.0,4.0,1,1
2.0,3.0,17.0,3.0,-0.68,-0.82,1.0,2.0,1.0,1.0,0,0
4.0,2.0,40.0,2.9,-0.32,-1.26,1.0,4.0,1.0,6.0,1,1
1.0,1.0,29.0,3.0,-1.3,-1.77,1.0,2.0,0.0,5.0,0,0
1.0,1.0,30.0,3.3,-1.37,-1.65,1.0,2.0,0.0,3.0,0,0
7.0,4.0,42.0,3.0,0.36,-0.35,1.0,4.0,1.0,4.0,1,1
6.0,5.0,35.0,2.4,0.04,-0.16,1.0,4.0,1.0,2.0,1,1
8.0,9.0,40.0,2.7,0.75,0.9,1.0,4.0,0.0,3.0,1,1
6.0,7.0,39.0,3.0,0.22,0.36,1.0,2.0,1.0,4.0,0,1
6.0,5.0,38.0,2.9,0.24,-0.12,1.0,3.0,0.0,3.0,1,1
7.0,7.0,31.0,3.0,0.4,0.35,1.0,3.0,1.0,3.0,1,0
10.0,10.0,36.0,2.4,1.35,2.14,1.0,4.0,1.0,4.0,1,1
10.0,9.0,40.0,2.7,1.76,0.97,1.0,5.0,0.0,3.0,1,1
3.0,2.0,39.0,3.5,-0.62,-0.93,1.0,2.0,0.0,4.0,1,1
4.0,4.0,29.0,2.7,-0.33,-0.58,1.0,3.0,0.0,2.0,1,1
6.0,7.0,36.5,3.2,0.25,0.44,1.0,3.0,1.0,4.0,1,1
3.0,3.0,34.0,3.3,-0.53,-0.76,1.0,3.0,0.0,3.0,1,1
6.0,8.0,29.0,3.4,0.11,0.62,1.0,4.0,1.0,2.0,1,1
7.0,9.0,32.5,3.5,0.45,0.9,1.0,4.0,1.0,3.0,1,1
10.0,10.0,40.0,3.4,2.03,1.41,1.0,4.0,0.0,4.0,1,1
8.0,6.0,35.5,3.0,0.76,0.23,1.0,4.0,0.0,4.0,1,0
8.0,8.0,35.0,3.4,0.71,0.66,1.0,4.0,0.0,3.0,1,1
2.0,2.0,32.0,2.4,-0.8,-1.02,1.0,4.0,1.0,2.0,1,0
8.0,10.0,32.5,2.4,0.67,1.57,1.0,3.0,1.0,3.0,1,1
3.0,7.0,34.0,2.4,-0.44,0.38,1.0,3.0,1.0,3.0,1,1
9.0,9.0,48.0,3.4,1.44,1.11,1.0,4.0,0.0,6.0,1,1
8.0,8.0,42.0,2.9,0.77,0.69,1.0,3.0,1.0,3.0,1,1
1.0,1.0,35.0,3.3,-1.23,-2.09,1.0,4.0,1.0,3.0,1,0
2.0,2.0,32.0,2.4,-1.01,-1.2,2.0,3.0,0.0,4.0,0,1
4.0,3.0,37.0,3.2,-0.41,-0.55,1.0,3.0,0.0,4.0,1,1
4.0,4.0,41.0,3.2,-0.28,-0.43,1.0,3.0,1.0,4.0,1,1
2.0,1.0,33.5,2.9,-1.04,-1.48,1.0,4.0,0.0,3.0,1,0
2.0,2.0,30.0,3.4,-1.09,-1.13,2.0,3.0,0.0,5.0,1,1
6.0,4.0,36.0,3.7,0.17,-0.44,1.0,3.0,0.0,3.0,1,1
4.0,6.0,39.0,2.8,-0.31,0.12,1.0,2.0,1.0,1.0,1,1
7.0,8.0,39.0,3.5,0.48,0.62,1.0,4.0,0.0,5.0,1,1
2.0,2.0,37.0,3.2,-0.73,-1.24,1.0,5.0,0.0,4.0,1,1
2.0,2.0,35.0,2.8,-0.85,-1.16,1.0,5.0,0.0,3.0,1,1
3.0,2.0,28.5,2.1,-0.58,-1.04,1.0,2.0,0.0,3.0,0,1
10.0,10.0,40.0,3.3,1.7,2.21,1.0,4.0,1.0,3.0,1,1
5.0,4.0,39.0,3.2,0.01,-0.55,1.0,3.0,1.0,3.0,1,1
3.0,7.0,33.0,3.0,-0.45,0.34,2.0,3.0,1.0,4.0,1,1
5.0,7.0,37.0,2.8,-0.1,0.27,1.0,4.0,1.0,3.0,1,1
3.0,3.0,40.0,2.5,-0.73,-0.64,1.0,3.0,0.0,5.0,1,1
4.0,8.0,37.0,2.9,-0.37,0.54,2.0,3.0,1.0,2.0,1,1
1.0,1.0,32.7,2.8,-2.5,-1.53,1.0,4.0,0.0,4.0,1,1
2.0,2.0,41.0,3.8,-0.84,-0.86,1.0,3.0,1.0,5.0,0,0
10.0,10.0,41.0,3.7,1.33,1.52,1.0,3.0,1.0,5.0,1,1
8.0,6.0,34.0,3.8,0.63,0.23,1.0,3.0,0.0,4.0,1,1
10.0,5.0,41.0,2.7,1.55,-0.09,1.0,4.0,1.0,4.0,1,1
10.0,10.0,42.0,3.8,2.23,2.57,1.0,5.0,0.0,5.0,1,1
6.0,6.0,48.0,4.0,0.14,0.26,1.0,4.0,1.0,5.0,1,1
3.0,3.0,35.5,3.3,-0.68,-0.64,1.0,4.0,1.0,4.0,1,1
5.0,3.0,39.0,3.2,-0.08,-0.59,2.0,4.0,0.0,5.0,1,1
7.0,6.0,40.0,3.2,0.55,0.01,1.0,2.0,0.0,2.0,1,0
5.0,6.0,35.0,3.4,-0.03,0.22,1.0,3.0,1.0,4.0,1,1
1.0,1.0,29.0,2.6,-2.33,-1.53,1.0,4.0,1.0,4.0,0,0
3.0,1.0,38.0,3.0,-0.51,-1.35,1.0,3.0,1.0,3.0,1,1
3.0,5.0,42.0,3.4,-0.52,-0.03,1.0,4.0,1.0,5.0,1,1
6.0,8.0,30.0,3.3,0.29,0.64,1.0,2.0,0.0,1.0,0,1
10.0,10.0,40.0,3.3,1.31,1.53,1.0,5.0,1.0,4.0,1,1
2.0,4.0,45.0,2.9,-1.01,-0.31,2.0,5.0,0.0,5.0,1,1
6.0,6.0,31.0,2.7,0.07,0.23,1.0,3.0,1.0,3.0,0,1
3.0,4.0,34.0,3.5,-0.51,-0.53,1.0,3.0,0.0,4.0,1,1
10.0,10.0,43.0,3.4,1.85,2.42,1.0,4.0,1.0,3.0,1,1
3.0,4.0,33.0,3.5,-0.57,-0.36,1.0,3.0,0.0,5.0,1,1
1.0,3.0,34.0,3.0,-1.09,-0.8,1.0,3.0,1.0,2.0,1,1
8.0,8.0,40.0,3.4,0.88,0.84,1.0,3.0,0.0,4.0,1,1
2.0,3.0,29.5,2.9,-0.84,-0.86,1.0,2.0,0.0,3.0,1,1
2.0,2.0,31.0,3.1,-0.91,-1.25,1.0,2.0,1.0,3.0,1,1
1.0,1.0,28.5,3.2,-1.64,-1.98,1.0,3.0,1.0,3.0,1,0
3.0,5.0,35.0,3.3,-0.43,-0.18,2.0,3.0,0.0,3.0,1,1
4.0,2.0,38.0,3.0,-0.4,-0.9,1.0,2.0,1.0,4.0,1,1
5.0,3.0,35.0,2.9,0.08,-0.59,1.0,4.0,1.0,4.0,0,1
9.0,7.0,33.0,3.4,1.01,0.41,1.0,4.0,0.0,3.0,1,1
2.0,2.0,32.0,2.9,-0.88,-1.0,1.0,4.0,0.0,3.0,1,1
2.0,3.0,38.0,3.3,-0.9,-0.79,1.0,2.0,1.0,3.0,1,1
9.0,6.0,36.0,3.5,1.03,0.17,1.0,3.0,0.0,5.0,1,1
4.0,6.0,36.0,3.8,-0.34,0.12,1.0,3.0,0.0,4.0,1,1
3.0,2.0,35.0,3.3,-0.61,-1.13,1.0,4.0,0.0,5.0,1,1
10.0,9.0,38.0,3.0,1.3,1.13,1.0,3.0,1.0,3.0,1,1
1.0,1.0,34.0,2.8,-1.16,-1.63,1.0,5.0,0.0,2.0,1,0
10.0,9.0,38.0,3.4,1.34,0.99,1.0,3.0,0.0,3.0,1,1
10.0,10.0,42.0,3.9,2.15,2.77,1.0,4.0,0.0,4.0,1,1
6.0,7.0,37.0,3.5,0.12,0.3,1.0,3.0,1.0,4.0,1,1
1.0,1.0,37.0,3.3,-1.76,-1.44,1.0,3.0,0.0,4.0,1,1
4.0,6.0,38.0,3.3,-0.37,0.04,1.0,3.0,0.0,4.0,1,1
6.0,5.0,32.0,3.7,0.18,-0.11,2.0,3.0,1.0,4.0,1,1
4.0,6.0,31.0,3.1,-0.37,0.07,1.0,3.0,1.0,2.0,1,1
5.0,6.0,40.0,3.3,-0.05,0.22,1.0,2.0,1.0,4.0,1,1
6.0,8.0,42.0,4.0,0.11,0.82,1.0,4.0,0.0,5.0,1,1
1.0,1.0,37.0,3.1,-1.79,-1.65,1.0,4.0,1.0,3.0,1,0
5.0,8.0,43.0,3.3,0.01,0.83,1.0,4.0,0.0,5.0,1,1
8.0,9.0,33.0,2.3,0.67,1.39,1.0,4.0,1.0,1.0,1,1
1.0,5.0,41.0,3.7,-1.54,-0.2,1.0,4.0,1.0,6.0,1,1
5.0,7.0,37.0,3.1,-0.1,0.52,1.0,4.0,1.0,5.0,1,0
2.0,2.0,33.0,2.9,-0.79,-1.29,1.0,4.0,1.0,3.0,1,1
8.0,9.0,40.0,3.9,0.75,1.2,1.0,2.0,0.0,4.0,1,1
10.0,9.0,43.0,3.2,1.32,1.25,1.0,4.0,1.0,4.0,1,1
6.0,7.0,43.0,3.8,0.31,0.55,1.0,4.0,1.0,4.0,1,1
3.0,2.0,34.0,3.7,-0.66,-1.19,1.0,4.0,0.0,4.0,1,1
5.0,6.0,45.0,3.5,-0.07,0.19,1.0,4.0,0.0,6.0,1,1
5.0,5.0,34.0,2.8,-0.03,-0.21,1.0,4.0,1.0,2.0,1,1
2.0,4.0,40.0,2.7,-0.75,-0.44,1.0,3.0,1.0,4.0,1,1
10.0,10.0,35.0,3.4,2.08,1.61,1.0,4.0,1.0,4.0,1,1
1.0,2.0,24.0,2.8,-1.82,-1.25,1.0,3.0,0.0,3.0,0,0
8.0,7.0,46.0,3.4,0.81,0.39,1.0,4.0,1.0,6.0,1,1
9.0,10.0,36.0,3.0,1.25,1.33,1.0,4.0,1.0,3.0,0,1
8.0,7.0,42.0,3.1,0.56,0.35,1.0,4.0,0.0,5.0,1,1
5.0,7.0,35.0,2.7,-0.03,0.39,1.0,4.0,0.0,3.0,1,1
4.0,4.0,37.0,2.9,-0.36,-0.45,1.0,4.0,1.0,5.0,1,1
6.0,7.0,32.0,3.1,0.19,0.34,1.0,4.0,1.0,4.0,0,1
5.0,4.0,37.0,3.9,-0.04,-0.52,1.0,4.0,0.0,3.0,0,1
4.0,5.0,45.0,3.7,-0.43,-0.09,1.0,4.0,0.0,6.0,1,1
3.0,4.0,32.0,3.5,-0.83,-0.42,1.0,4.0,1.0,6.0,0,1
4.0,3.0,40.0,3.2,-0.3,-0.69,1.0,5.0,1.0,6.0,0,1
9.0,8.0,35.0,2.9,0.92,0.56,1.0,3.0,1.0,3.0,1,1
6.0,7.0,35.0,3.5,0.28,0.49,1.0,3.0,0.0,2.0,1,0
5.0,6.0,36.0,2.1,-0.07,-0.02,1.0,3.0,1.0,3.0,1,1
7.0,8.0,39.0,3.2,0.41,0.68,1.0,1.0,0.0,3.0,1,1
4.0,3.0,27.0,2.3,-0.25,-0.75,1.0,3.0,1.0,1.0,0,0
10.0,10.0,41.0,4.0,2.44,2.2,1.0,4.0,0.0,3.0,1,1
10.0,10.0,45.0,4.0,2.08,2.08,1.0,3.0,1.0,4.0,1,1
1.0,1.0,27.5,3.5,-1.54,-2.14,1.0,1.0,1.0,5.0,0,0
10.0,10.0,35.0,2.6,2.43,2.75,1.0,4.0,0.0,2.0,1,1
7.0,10.0,44.0,2.7,0.43,2.14,1.0,5.0,1.0,5.0,1,1
8.0,8.0,39.0,3.2,0.68,0.66,1.0,2.0,0.0,4.0,1,1
3.0,3.0,41.0,3.3,-0.47,-0.57,1.0,3.0,0.0,4.0,1,0
9.0,9.0,38.0,2.5,1.11,0.98,1.0,4.0,1.0,3.0,1,1
2.0,2.0,17.0,2.5,-1.0,-0.97,1.0,3.0,1.0,2.0,0,0
3.0,2.0,38.0,2.8,-0.64,-0.96,1.0,2.0,0.0,5.0,0,0
7.0,6.0,39.0,3.0,0.3,0.05,1.0,3.0,0.0,2.0,1,1
3.0,1.0,42.0,2.8,-0.65,-1.66,1.0,3.0,1.0,4.0,0,1
8.0,10.0,40.0,3.5,0.86,1.49,1.0,3.0,0.0,4.0,1,1
10.0,8.0,39.0,2.5,1.4,0.81,1.0,4.0,1.0,1.0,1,1
1.0,2.0,34.0,2.8,-1.42,-1.29,1.0,4.0,0.0,3.0,1,0
2.0,3.0,38.0,3.0,-0.73,-0.79,1.0,4.0,0.0,3.0,1,1
8.0,8.0,41.0,3.6,0.73,0.84,1.0,5.0,1.0,5.0,1,1
1.0,1.0,23.0,2.5,-1.12,-1.6,1.0,1.0,1.0,1.0,0,0
9.0,10.0,41.0,3.6,1.22,1.32,1.0,4.0,1.0,6.0,1,1
9.0,10.0,38.0,3.4,1.23,1.36,1.0,3.0,1.0,5.0,1,1
4.0,2.0,31.5,3.6,-0.37,-1.04,1.0,3.0,0.0,5.0,1,1
2.0,1.0,41.0,3.7,-1.0,-2.03,1.0,2.0,1.0,4.0,1,1
1.0,1.0,43.0,2.5,-1.6,-1.85,1.0,5.0,1.0,3.0,1,1
9.0,5.0,33.0,3.3,0.87,-0.05,1.0,3.0,1.0,3.0,1,1
7.0,7.0,47.0,3.8,0.6,0.48,1.0,2.0,1.0,6.0,1,1
