decile1b,decile3,lsat,ugpa,zfygpa,zgpa,fulltime,fam_inc,male,tier,SensitiveAttr,Label
6.0,5.0,32.0,3.2,0.32,-0.09,1.0,3.0,0.0,4.0,1,1
7.0,8.0,42.0,3.6,0.6,0.7,1.0,3.0,1.0,6.0,1,1
2.0,1.0,39.0,2.3,-0.88,-1.63,1.0,3.0,1.0,5.0,0,0
7.0,8.0,35.0,3.2,0.48,0.61,1.0,4.0,1.0,3.0,1,1
7.0,8.0,44.0,3.2,0.58,0.77,1.0,5.0,1.0,4.0,1,1
7.0,5.0,36.0,2.9,0.45,-0.18,1.0,4.0,1.0,3.0,1,1
9.0,9.0,40.0,2.0,1.2,0.91,1.0,5.0,1.0,3.0,1,1
6.0,6.0,41.0,4.0,0.16,0.26,1.0,5.0,1.0,6.0,1,1
9.0,9.0,35.0,3.2,1.23,1.15,1.0,4.0,1.0,3.0,1,1
5.0,5.0,41.0,3.0,0.04,-0.07,1.0,4.0,0.0,4.0,1,1
9.0,5.0,46.0,3.5,0.94,-0.01,1.0,4.0,0.0,5.0,1,1
1.0,1.0,40.0,3.7,-1.66,-2.11,1.0,5.0,0.0,6.0,0,0
9.0,8.0,37.0,2.3,1.04,0.6,1.0,2.0,1.0,3.0,1,1
6.0,7.0,37.0,2.9,0.27,0.35,1.0,3.0,1.0,4.0,1,1
9.0,8.0,24.5,3.7,0.96,0.56,1.0,1.0,0.0,3.0,1,1
7.0,7.0,31.0,3.6,0.51,0.51,1.0,3.0,0.0,3.0,1,0
2.0,2.0,35.0,3.2,-0.96,-0.98,1.0,3.0,0.0,3.0,1,1
3.0,2.0,31.3,3.7,-0.68,-1.16,1.0,2.0,0.0,3.0,0,1
9.0,8.0,42.0,2.9,0.96,0.84,1.0,2.0,1.0,4.0,0,1
1.0,1.0,30.5,3.0,-1.52,-2.01,1.0,2.0,1.0,3.0,0,0
5.0,6.0,27.0,3.7,-0.1,0.01,1.0,3.0,0.0,2.0,1,1
4.0,6.0,38.0,4.0,-0.35,0.18,1.0,3.0,1.0,4.0,1,1
10.0,10.0,39.0,3.0,1.56,1.77,1.0,3.0,0.0,1.0,1,1
10.0,10.0,43.0,3.1,1.83,1.32,1.0,3.0,1.0,6.0,1,1
7.0,6.0,39.0,2.7,0.44,0.24,1.0,4.0,0.0,3.0,1,1
4.0,5.0,41.0,2.9,-0.2,-0.09,1.0,5.0,1.0,3.0,1,1
5.0,5.0,31.0,3.9,-0.05,-0.23,2.0,1.0,0.0,2.0,1,1
1.0,1.0,21.0,2.1,-1.79,-1.77,2.0,4.0,0.0,2.0,0,0
9.0,9.0,38.3,2.5,1.24,1.24,1.0,4.0,1.0,3.0,0,1
6.0,6.0,33.0,3.1,0.17,0.17,1.0,3.0,1.0,5.0,1,1
1.0,5.0,34.0,3.3,-1.24,-0.16,1.0,3.0,0.0,1.0,0,1
2.0,1.0,28.0,3.3,-0.91,-1.35,1.0,4.0,1.0,3.0,1,1
2.0,2.0,40.0,3.0,-0.97,-1.1,1.0,3.0,1.0,5.0,0,1
3.0,3.0,31.0,3.6,-0.83,-0.63,1.0,3.0,0.0,6.0,0,1
5.0,4.0,24.5,3.0,-0.05,-0.48,1.0,3.0,1.0,2.0,0,0
10.0,10.0,41.0,2.9,1.85,2.0,1.0,4.0,1.0,5.0,1,1
9.0,6.0,46.0,3.5,0.89,0.18,1.0,4.0,0.0,5.0,1,1
3.0,6.0,36.0,3.3,-0.49,0.09,1.0,3.0,0.0,3.0,1,1
2.0,1.0,34.0,3.1,-0.73,-1.8,1.0,3.0,0.0,3.0,0,0
1.0,1.0,33.0,3.1,-1.92,-1.5,1.0,3.0,1.0,3.0,0,0
1.0,1.0,34.0,2.7,-1.56,-1.61,1.0,3.0,1.0,5.0,0,0
6.0,8.0,41.0,2.9,0.33,0.6,1.0,3.0,0.0,6.0,0,1
1.0,1.0,30.0,3.8,-1.96,-1.67,1.0,3.0,0.0,4.0,0,0
4.0,4.0,32.0,3.4,-0.37,-0.38,1.0,4.0,1.0,2.0,1,1
6.0,9.0,34.0,3.0,0.23,1.17,2.0,3.0,1.0,5.0,1,1
9.0,9.0,36.0,3.7,1.25,0.95,1.0,2.0,0.0,3.0,1,1
1.0,1.0,35.0,2.8,-1.15,-1.95,1.0,3.0,1.0,3.0,1,0
1.0,1.0,29.0,2.3,-1.16,-1.34,1.0,4.0,1.0,2.0,0,0
8.0,7.0,37.0,2.8,0.72,0.44,1.0,5.0,0.0,3.0,1,1
1.0,1.0,25.0,3.1,-1.44,-1.5,1.0,4.0,0.0,4.0,0,0
1.0,2.0,26.5,2.9,-1.07,-1.01,1.0,5.0,0.0,2.0,1,1
3.0,4.0,39.0,3.5,-0.62,-0.49,1.0,5.0,0.0,3.0,1,1
1.0,1.0,36.0,2.9,-1.77,-1.9,1.0,4.0,1.0,3.0,1,0
1.0,1.0,23.0,2.1,-1.52,-1.84,1.0,3.0,1.0,2.0,0,0
1.0,1.0,30.0,3.2,-1.49,-1.96,1.0,3.0,0.0,4.0,0,0
7.0,4.0,35.0,3.5,0.34,-0.5,1.0,4.0,1.0,3.0,1,1
7.0,7.0,37.0,3.2,0.49,0.5,1.0,4.0,1.0,5.0,0,1
6.0,6.0,47.0,3.3,0.23,0.13,1.0,4.0,0.0,5.0,0,1
4.0,2.0,39.0,3.5,-0.41,-1.26,1.0,4.0,0.0,3.0,1,1
4.0,7.0,42.0,3.1,-0.43,0.44,1.0,3.0,1.0,4.0,1,1
1.0,1.0,29.0,2.6,-1.18,-1.99,1.0,3.0,1.0,1.0,0,0
9.0,10.0,45.0,3.6,1.0,1.53,1.0,5.0,0.0,5.0,1,1
5.0,6.0,35.0,3.4,0.02,0.17,1.0,2.0,0.0,4.0,1,1
5.0,3.0,28.3,2.4,-0.1,-0.69,1.0,3.0,1.0,2.0,0,1
8.0,7.0,38.0,3.3,0.57,0.5,1.0,3.0,0.0,3.0,1,1
1.0,3.0,38.0,3.5,-1.3,-0.72,1.0,4.0,0.0,4.0,1,1
2.0,3.0,34.0,3.3,-1.04,-0.72,1.0,5.0,0.0,5.0,0,1
3.0,1.0,37.0,2.6,-0.68,-1.58,1.0,4.0,1.0,3.0,1,0
7.0,5.0,40.0,2.9,0.36,-0.18,2.0,3.0,1.0,3.0,1,1
1.0,1.0,27.0,3.2,-2.01,-2.16,1.0,3.0,0.0,5.0,0,0
7.0,7.0,34.0,3.1,0.35,0.36,2.0,2.0,0.0,4.0,1,1
8.0,9.0,39.0,3.7,0.58,1.19,1.0,4.0,1.0,3.0,1,1
8.0,8.0,45.0,3.1,0.79,0.74,1.0,4.0,1.0,4.0,1,1
4.0,4.0,44.0,3.5,-0.2,-0.46,1.0,4.0,0.0,4.0,0,1
8.0,7.0,43.0,3.6,0.81,0.3,1.0,3.0,0.0,6.0,1,1
1.0,1.0,32.0,2.4,-1.76,-2.44,1.0,3.0,1.0,4.0,0,1
5.0,1.0,40.0,2.6,-0.08,-1.48,1.0,3.0,1.0,3.0,1,0
1.0,1.0,31.0,3.6,-2.12,-1.54,1.0,2.0,0.0,6.0,0,1
1.0,1.0,44.0,3.0,-1.19,-1.73,1.0,4.0,1.0,4.0,1,1
8.0,5.0,23.0,2.5,0.8,-0.13,2.0,3.0,0.0,4.0,0,1
3.0,3.0,33.0,3.1,-0.45,-0.76,1.0,4.0,1.0,3.0,1,1
2.0,1.0,48.0,3.5,-1.17,-1.57,1.0,3.0,1.0,5.0,1,0
7.0,7.0,34.0,2.8,0.52,0.4,1.0,3.0,1.0,3.0,1,1
2.0,2.0,20.0,3.0,-1.02,-1.23,1.0,3.0,0.0,3.0,0,0
2.0,1.0,32.0,3.3,-1.01,-1.64,1.0,2.0,1.0,6.0,0,0
4.0,6.0,44.0,4.0,-0.38,0.16,1.0,2.0,0.0,4.0,1,1
4.0,4.0,29.0,3.0,-0.29,-0.42,1.0,3.0,0.0,3.0,0,1
2.0,2.0,25.5,3.3,-0.91,-1.01,1.0,3.0,1.0,4.0,0,0
4.0,5.0,31.0,2.8,-0.3,-0.23,1.0,1.0,1.0,3.0,0,1
7.0,6.0,36.0,3.1,0.37,0.09,1.0,4.0,0.0,3.0,1,1
2.0,2.0,42.0,3.0,-0.82,-1.09,1.0,1.0,0.0,4.0,0,1
1.0,2.0,37.0,3.5,-1.35,-1.05,1.0,2.0,0.0,4.0,0,0
3.0,2.0,33.5,2.6,-0.62,-1.26,1.0,2.0,0.0,3.0,0,0
10.0,9.0,38.0,3.3,1.45,1.27,1.0,4.0,0.0,5.0,0,1
10.0,9.0,39.0,2.8,1.42,1.3,1.0,5.0,0.0,3.0,1,1
2.0,3.0,35.0,3.3,-0.84,-0.57,1.0,2.0,1.0,5.0,0,0
2.0,3.0,28.0,2.7,-1.08,-0.89,1.0,5.0,0.0,3.0,0,0
1.0,1.0,35.0,2.9,-1.56,-1.77,1.0,1.0,1.0,4.0,0,1
10.0,5.0,30.0,2.9,1.45,-0.01,1.0,3.0,1.0,5.0,0,1
8.0,9.0,42.0,3.4,0.69,0.99,1.0,5.0,1.0,4.0,1,1
2.0,1.0,39.0,2.8,-0.97,-2.09,1.0,2.0,0.0,5.0,0,0
7.0,9.0,42.0,3.8,0.51,1.12,1.0,4.0,1.0,6.0,1,1
3.0,2.0,32.0,3.1,-0.59,-0.98,1.0,3.0,1.0,4.0,0,1
9.0,9.0,43.0,3.4,1.0,1.13,1.0,4.0,0.0,5.0,0,1
9.0,9.0,40.0,3.3,1.03,1.06,1.0,4.0,1.0,3.0,1,1
7.0,6.0,44.0,2.1,0.51,0.09,1.0,4.0,0.0,3.0,1,1
1.0,1.0,38.0,2.4,-1.75,-2.28,1.0,4.0,0.0,3.0,0,0
8.0,8.0,37.0,3.2,0.65,0.57,1.0,4.0,0.0,3.0,1,1
4.0,3.0,20.0,3.0,-0.26,-0.66,1.0,3.0,1.0,1.0,0,0
2.0,3.0,31.5,3.0,-1.07,-0.62,1.0,1.0,0.0,5.0,0,0
1.0,3.0,32.0,3.1,-1.76,-0.62,1.0,1.0,1.0,5.0,0,0
9.0,9.0,37.0,3.2,1.14,0.97,1.0,4.0,1.0,3.0,1,1
2.0,2.0,47.0,3.6,-1.07,-1.3,1.0,3.0,0.0,6.0,0,0
8.0,9.0,45.0,3.8,0.83,1.24,1.0,4.0,1.0,5.0,0,1
8.0,7.0,28.5,3.5,0.79,0.27,1.0,3.0,0.0,2.0,1,1
3.0,3.0,39.0,3.3,-0.6,-0.75,1.0,4.0,1.0,4.0,1,1
7.0,8.0,34.0,2.9,0.38,0.76,1.0,3.0,1.0,3.0,1,1
5.0,7.0,44.0,3.0,-0.06,0.4,1.0,4.0,0.0,4.0,1,1
5.0,5.0,38.0,3.2,0.01,0.01,1.0,4.0,1.0,5.0,0,1
10.0,10.0,42.0,3.9,2.31,2.45,1.0,3.0,1.0,4.0,1,1
2.0,1.0,22.0,2.6,-0.99,-1.42,1.0,3.0,0.0,4.0,0,0
9.0,7.0,39.0,3.8,1.08,0.46,1.0,4.0,0.0,3.0,1,1
3.0,3.0,31.0,3.6,-0.67,-0.69,1.0,4.0,0.0,4.0,0,0
7.0,3.0,37.5,3.1,0.48,-0.65,1.0,3.0,1.0,4.0,1,0
2.0,3.0,35.5,3.2,-1.06,-0.7,2.0,4.0,1.0,4.0,1,1
1.0,1.0,27.0,3.6,-3.05,-3.03,1.0,3.0,1.0,5.0,0,0
1.0,1.0,33.0,2.6,-1.35,-1.3,2.0,4.0,0.0,5.0,0,0
1.0,1.0,27.0,3.0,-1.17,-2.19,1.0,3.0,1.0,4.0,0,0
4.0,5.0,32.0,2.8,-0.38,-0.21,1.0,4.0,1.0,3.0,1,1
4.0,5.0,35.0,3.1,-0.38,-0.04,1.0,3.0,0.0,3.0,1,1
9.0,10.0,37.0,3.9,1.04,2.12,1.0,4.0,1.0,2.0,1,1
4.0,2.0,31.0,3.4,-0.23,-1.2,1.0,3.0,0.0,3.0,0,1
1.0,2.0,30.0,2.9,-1.16,-0.89,1.0,1.0,0.0,4.0,0,1
8.0,9.0,40.0,3.1,0.7,1.09,1.0,5.0,1.0,4.0,1,1
5.0,6.0,41.0,2.7,-0.18,0.09,1.0,5.0,0.0,5.0,1,1
9.0,4.0,30.5,3.7,0.93,-0.52,2.0,4.0,0.0,3.0,0,0
6.0,7.0,37.0,2.8,0.3,0.42,2.0,3.0,0.0,4.0,1,1
1.0,2.0,31.5,3.0,-1.46,-0.95,1.0,4.0,1.0,3.0,1,0
2.0,3.0,34.0,3.0,-1.12,-0.73,1.0,1.0,1.0,5.0,1,0
5.0,3.0,38.0,3.4,-0.15,-0.72,1.0,3.0,0.0,4.0,1,1
6.0,4.0,39.0,3.7,0.13,-0.3,1.0,3.0,1.0,4.0,1,0
8.0,9.0,38.0,3.6,0.85,1.0,1.0,5.0,1.0,4.0,1,1
3.0,5.0,35.0,2.7,-0.5,-0.09,1.0,4.0,0.0,3.0,1,1
2.0,2.0,41.0,3.4,-0.92,-0.85,1.0,3.0,1.0,6.0,0,1
6.0,5.0,34.0,2.7,0.16,-0.27,1.0,3.0,1.0,2.0,1,1
3.0,5.0,32.5,2.8,-0.45,-0.15,1.0,4.0,1.0,3.0,1,0
3.0,3.0,44.0,3.7,-0.61,-0.73,1.0,3.0,0.0,5.0,0,1
3.0,2.0,30.0,2.2,-0.43,-0.91,1.0,1.0,0.0,1.0,1,1
4.0,4.0,42.0,3.3,-0.34,-0.39,2.0,2.0,1.0,4.0,0,1
3.0,2.0,30.0,2.9,-0.54,-0.97,1.0,4.0,0.0,3.0,0,0
3.0,3.0,39.0,3.8,-0.68,-0.68,1.0,4.0,1.0,4.0,0,0
8.0,7.0,37.0,3.6,0.71,0.4,1.0,4.0,1.0,4.0,1,1
1.0,3.0,30.0,2.7,-2.29,-0.79,1.0,3.0,0.0,4.0,0,0
9.0,9.0,33.0,3.5,0.88,0.88,1.0,3.0,0.0,5.0,1,1
6.0,10.0,37.0,3.9,0.16,1.45,2.0,2.0,0.0,4.0,1,1
6.0,5.0,41.0,3.4,0.21,-0.16,1.0,5.0,0.0,5.0,1,1
7.0,7.0,45.0,2.7,0.46,0.52,1.0,3.0,0.0,4.0,1,1
9.0,8.0,33.0,2.7,1.04,0.65,1.0,3.0,1.0,3.0,1,1
1.0,2.0,29.0,3.1,-1.45,-1.19,1.0,3.0,0.0,3.0,0,1
4.0,1.0,21.5,3.0,-0.37,-1.35,1.0,2.0,1.0,3.0,0,0
7.0,7.0,31.0,3.3,0.44,0.32,1.0,2.0,0.0,3.0,1,1
8.0,9.0,38.0,3.0,0.78,1.17,1.0,4.0,1.0,4.0,0,1
7.0,6.0,43.0,3.4,0.54,0.22,1.0,4.0,1.0,6.0,0,1
7.0,6.0,43.0,3.5,0.52,0.21,1.0,4.0,1.0,6.0,0,1
3.0,1.0,39.0,3.0,-0.56,-1.53,1.0,3.0,1.0,3.0,1,0
2.0,5.0,48.0,3.8,-0.84,-0.06,1.0,5.0,1.0,6.0,1,1
2.0,2.0,19.5,3.4,-0.89,-1.17,2.0,5.0,1.0,3.0,0,0
4.0,3.0,32.0,3.1,-0.34,-0.63,1.0,3.0,0.0,3.0,1,0
7.0,7.0,34.0,3.0,0.4,0.29,1.0,3.0,0.0,3.0,1,0
2.0,3.0,39.0,3.0,-0.81,-0.86,1.0,3.0,1.0,3.0,1,1
5.0,4.0,46.0,3.3,0.01,-0.51,1.0,2.0,1.0,5.0,1,1
5.0,3.0,37.0,3.4,-0.12,-0.57,1.0,3.0,1.0,6.0,0,1
2.0,3.0,43.0,3.2,-0.73,-0.85,1.0,4.0,1.0,4.0,0,1
4.0,4.0,34.0,2.9,-0.38,-0.49,1.0,3.0,0.0,3.0,1,0
1.0,1.0,31.0,3.1,-1.31,-1.6,1.0,2.0,1.0,5.0,0,0
10.0,10.0,34.0,3.1,1.73,1.61,1.0,3.0,0.0,3.0,1,1
2.0,1.0,28.5,3.3,-1.14,-1.47,1.0,3.0,0.0,5.0,0,0
3.0,6.0,35.0,3.1,-0.51,0.17,1.0,3.0,0.0,3.0,0,1
2.0,3.0,38.0,3.3,-0.83,-0.57,1.0,2.0,1.0,4.0,1,1
2.0,2.0,23.0,2.7,-0.81,-0.92,1.0,4.0,0.0,2.0,0,0
3.0,3.0,36.0,3.7,-0.59,-0.76,1.0,3.0,1.0,4.0,1,1
7.0,7.0,37.0,2.8,0.34,0.39,1.0,3.0,1.0,3.0,1,1
3.0,4.0,36.0,3.5,-0.72,-0.52,1.0,4.0,0.0,4.0,1,1
2.0,1.0,30.0,2.3,-0.93,-1.63,1.0,3.0,1.0,4.0,0,0
3.0,2.0,34.0,3.0,-0.59,-1.12,1.0,4.0,1.0,3.0,1,1
3.0,4.0,23.0,3.2,-0.56,-0.54,1.0,3.0,0.0,3.0,0,1
4.0,4.0,22.0,3.5,-0.37,-0.48,1.0,4.0,0.0,3.0,0,0
9.0,10.0,41.0,3.6,1.22,1.32,1.0,4.0,0.0,5.0,1,1
1.0,2.0,39.0,3.2,-1.8,-0.97,1.0,4.0,0.0,4.0,0,1
5.0,5.0,43.0,2.5,-0.02,-0.21,2.0,3.0,0.0,2.0,0,1
1.0,2.0,32.0,3.5,-1.44,-0.93,1.0,3.0,0.0,4.0,1,0
3.0,3.0,31.0,3.1,-0.47,-0.78,1.0,3.0,1.0,2.0,1,1
6.0,6.0,39.0,3.1,0.17,0.14,1.0,4.0,1.0,4.0,1,1
1.0,1.0,26.0,3.1,-2.06,-2.06,1.0,4.0,1.0,4.0,0,0
1.0,1.0,30.5,2.6,-1.28,-1.52,1.0,4.0,1.0,4.0,0,0
5.0,5.0,37.0,2.6,-0.08,-0.25,1.0,4.0,1.0,3.0,1,1
10.0,9.0,35.0,3.2,1.44,1.28,1.0,4.0,0.0,3.0,1,1
1.0,1.0,28.0,2.5,-1.34,-1.66,1.0,2.0,1.0,1.0,0,0
7.0,10.0,33.0,2.8,0.31,1.53,1.0,2.0,0.0,3.0,0,1
9.0,5.0,32.0,3.0,0.88,0.0,1.0,1.0,0.0,5.0,1,1
7.0,6.0,27.0,3.0,0.44,0.25,1.0,4.0,0.0,1.0,0,1
2.0,5.0,40.0,3.7,-1.05,-0.03,1.0,3.0,1.0,5.0,0,1
1.0,1.0,20.0,3.1,-1.44,-1.75,1.0,2.0,1.0,2.0,0,0
3.0,3.0,37.0,3.5,-0.48,-0.84,1.0,4.0,0.0,4.0,0,0
3.0,1.0,34.0,3.0,-0.5,-1.41,1.0,4.0,0.0,3.0,1,0
1.0,1.0,37.5,3.0,-1.42,-1.46,2.0,4.0,0.0,5.0,0,1
3.0,4.0,42.0,2.9,-0.58,-0.51,1.0,3.0,1.0,3.0,1,1
1.0,1.0,20.5,2.5,-2.42,-2.12,1.0,2.0,0.0,4.0,0,1
6.0,6.0,42.0,3.7,0.29,0.2,1.0,4.0,1.0,4.0,1,1
1.0,1.0,37.0,3.2,-1.56,-1.69,1.0,2.0,1.0,3.0,0,0
9.0,10.0,37.0,3.3,1.28,1.93,1.0,3.0,1.0,3.0,1,1
1.0,1.0,19.0,2.4,-1.26,-1.91,2.0,3.0,1.0,5.0,0,0
3.0,2.0,24.0,2.4,-0.36,-1.17,1.0,2.0,1.0,1.0,0,0
7.0,7.0,29.7,2.5,0.41,0.36,1.0,4.0,0.0,3.0,0,1
2.0,3.0,35.0,3.0,-1.02,-0.63,1.0,4.0,1.0,4.0,0,1
1.0,1.0,28.0,2.5,-1.54,-1.54,1.0,2.0,1.0,3.0,0,0
1.0,1.0,29.0,3.2,-1.98,-1.75,1.0,4.0,1.0,5.0,0,1
1.0,1.0,31.0,3.2,-2.02,-1.96,1.0,4.0,1.0,2.0,1,0
7.0,5.0,34.0,3.1,0.5,-0.13,1.0,3.0,1.0,3.0,1,1
5.0,4.0,29.5,3.0,-0.1,-0.53,1.0,3.0,0.0,3.0,0,1
8.0,8.0,31.0,3.5,0.61,0.7,1.0,3.0,0.0,2.0,1,1
7.0,7.0,41.0,3.0,0.37,0.4,1.0,4.0,0.0,4.0,1,1
8.0,4.0,44.0,2.4,0.89,-0.43,1.0,2.0,1.0,1.0,1,1
6.0,4.0,17.0,3.7,0.28,-0.4,1.0,3.0,0.0,1.0,0,0
1.0,1.0,24.7,2.1,-1.82,-2.53,1.0,5.0,1.0,3.0,0,0
7.0,6.0,42.0,2.7,0.57,0.14,1.0,5.0,1.0,4.0,0,1
2.0,5.0,47.0,3.4,-0.85,-0.09,1.0,3.0,0.0,6.0,1,1
8.0,6.0,33.0,3.1,0.59,0.12,1.0,4.0,0.0,3.0,1,1
8.0,7.0,32.0,2.8,0.71,0.32,1.0,4.0,1.0,2.0,1,1
2.0,2.0,24.0,3.3,-0.74,-1.3,1.0,3.0,1.0,4.0,0,0
5.0,3.0,36.0,3.2,-0.07,-0.8,1.0,3.0,1.0,3.0,1,0
3.0,2.0,32.0,2.6,-0.43,-0.89,1.0,3.0,0.0,1.0,0,1
3.0,3.0,28.0,3.1,-0.58,-0.81,2.0,3.0,0.0,4.0,0,1
7.0,5.0,45.0,3.2,0.58,-0.08,1.0,3.0,1.0,4.0,1,1
2.0,1.0,26.0,2.3,-1.0,-1.58,1.0,3.0,0.0,2.0,0,0
5.0,6.0,30.0,2.8,0.05,0.06,1.0,2.0,0.0,1.0,0,0
1.0,1.0,32.0,2.7,-1.73,-2.16,2.0,3.0,1.0,3.0,0,0
4.0,8.0,23.0,3.7,-0.17,0.75,1.0,4.0,1.0,3.0,0,1
7.0,8.0,42.0,2.9,0.42,0.76,1.0,3.0,1.0,3.0,1,1
5.0,5.0,31.0,3.0,-0.03,-0.15,1.0,3.0,1.0,5.0,0,1
10.0,10.0,39.0,3.8,1.44,1.61,1.0,3.0,0.0,3.0,0,1
6.0,8.0,40.0,3.0,0.27,0.69,1.0,3.0,0.0,4.0,1,1
6.0,7.0,42.0,3.2,0.26,0.38,1.0,3.0,1.0,4.0,1,1
1.0,1.0,30.0,2.8,-1.81,-1.81,1.0,2.0,0.0,5.0,0,0
1.0,1.0,34.0,2.8,-1.63,-1.45,1.0,3.0,1.0,5.0,0,0
1.0,1.0,30.0,2.6,-1.83,-2.07,1.0,3.0,0.0,5.0,0,0
5.0,4.0,35.0,3.4,-0.07,-0.29,1.0,4.0,0.0,5.0,0,1
7.0,5.0,23.0,2.3,0.44,-0.22,1.0,2.0,0.0,2.0,0,1
2.0,1.0,28.5,3.0,-1.16,-1.55,1.0,4.0,0.0,5.0,0,1
3.0,3.0,44.0,3.7,-0.67,-0.55,1.0,3.0,0.0,4.0,1,1
7.0,7.0,43.0,2.9,0.54,0.34,1.0,4.0,0.0,4.0,1,1
6.0,8.0,35.0,4.0,0.28,0.81,1.0,2.0,1.0,4.0,1,1
4.0,1.0,34.0,2.8,-0.2,-1.43,1.0,4.0,1.0,3.0,1,0
4.0,3.0,36.5,3.1,-0.22,-0.57,1.0,2.0,1.0,4.0,0,1
4.0,4.0,41.0,3.5,-0.24,-0.56,1.0,3.0,0.0,3.0,0,1
5.0,5.0,31.0,2.9,0.0,-0.26,1.0,3.0,1.0,3.0,0,1
5.0,6.0,33.0,2.7,0.03,0.06,2.0,3.0,1.0,3.0,0,1
3.0,5.0,40.0,2.2,-0.68,-0.14,1.0,3.0,1.0,3.0,1,1
6.0,7.0,39.0,2.8,0.06,0.35,1.0,4.0,1.0,3.0,1,1
4.0,5.0,36.0,2.7,-0.26,-0.1,1.0,1.0,1.0,3.0,0,1
8.0,9.0,33.0,3.4,0.76,1.02,1.0,2.0,1.0,2.0,1,1
8.0,9.0,40.0,3.6,0.65,1.07,1.0,4.0,0.0,3.0,1,1
2.0,1.0,30.0,2.7,-0.73,-1.53,1.0,1.0,0.0,3.0,0,1
1.0,1.0,29.5,2.4,-1.11,-1.58,1.0,4.0,1.0,1.0,0,0
1.0,1.0,30.0,2.9,-1.59,-1.68,1.0,5.0,1.0,3.0,0,0
1.0,1.0,32.0,3.0,-1.77,-2.07,1.0,4.0,1.0,4.0,0,0
9.0,5.0,43.0,3.6,1.1,-0.08,1.0,3.0,1.0,3.0,0,1
3.0,4.0,30.5,3.3,-0.69,-0.51,1.0,5.0,0.0,2.0,1,0
4.0,3.0,30.0,3.3,-0.31,-0.81,1.0,4.0,1.0,4.0,1,1
1.0,1.0,35.0,3.1,-2.69,-2.49,1.0,3.0,1.0,6.0,0,1
1.0,1.0,21.0,3.1,-1.88,-1.43,1.0,3.0,0.0,3.0,0,1
8.0,6.0,35.0,2.6,0.57,0.25,1.0,4.0,1.0,3.0,0,1
10.0,5.0,40.0,3.7,2.26,0.0,1.0,3.0,0.0,6.0,0,1
2.0,1.0,38.0,3.6,-1.08,-1.43,1.0,4.0,1.0,5.0,0,1
4.0,3.0,28.0,3.6,-0.38,-0.55,2.0,4.0,0.0,5.0,0,1
6.0,2.0,25.0,2.0,0.28,-1.02,1.0,3.0,1.0,1.0,0,0
1.0,2.0,33.5,2.9,-1.43,-0.91,1.0,3.0,0.0,3.0,1,0
3.0,2.0,39.0,3.1,-0.55,-0.97,1.0,3.0,1.0,4.0,1,0
5.0,3.0,39.0,3.3,-0.07,-0.67,2.0,3.0,1.0,5.0,0,1
1.0,1.0,23.0,2.7,-1.39,-1.73,1.0,3.0,1.0,3.0,0,0
5.0,7.0,23.5,2.7,0.02,0.28,1.0,3.0,1.0,1.0,0,1
7.0,6.0,36.0,3.5,0.53,0.16,1.0,4.0,1.0,2.0,1,1
1.0,1.0,23.5,3.0,-1.39,-1.76,1.0,3.0,1.0,3.0,0,0
10.0,10.0,33.0,3.3,1.36,1.39,1.0,4.0,0.0,3.0,1,1
2.0,3.0,31.0,3.1,-0.93,-0.77,1.0,1.0,0.0,4.0,0,1
7.0,9.0,40.0,3.4,0.49,0.97,1.0,4.0,0.0,5.0,1,1
1.0,1.0,31.0,2.9,-1.69,-1.53,1.0,4.0,1.0,1.0,0,0
3.0,2.0,17.0,3.3,-0.44,-1.06,1.0,3.0,0.0,2.0,0,0
2.0,1.0,30.0,2.6,-0.97,-1.45,1.0,3.0,1.0,4.0,0,0
5.0,4.0,23.0,2.3,0.02,-0.56,1.0,2.0,1.0,1.0,0,0
1.0,1.0,25.0,3.6,-1.94,-1.62,1.0,3.0,0.0,3.0,0,0
2.0,1.0,31.5,3.6,-0.73,-1.46,1.0,2.0,1.0,3.0,1,1
4.0,4.0,36.0,3.6,-0.37,-0.41,1.0,4.0,1.0,3.0,1,1
2.0,2.0,40.0,2.5,-0.94,-1.04,1.0,3.0,0.0,2.0,0,0
5.0,6.0,35.5,4.0,-0.08,0.09,1.0,3.0,1.0,6.0,0,1
6.0,5.0,41.0,3.6,0.18,-0.08,1.0,4.0,1.0,6.0,1,1
5.0,6.0,34.0,3.3,-0.01,0.19,1.0,4.0,0.0,4.0,1,1
9.0,7.0,38.0,2.9,0.9,0.43,1.0,3.0,1.0,3.0,1,1
2.0,1.0,36.0,2.6,-1.06,-1.58,1.0,2.0,0.0,4.0,0,0
2.0,3.0,20.0,2.7,-0.77,-0.8,1.0,2.0,0.0,1.0,0,0
10.0,8.0,33.0,3.0,1.37,0.6,1.0,3.0,1.0,3.0,1,1
4.0,2.0,30.5,2.7,-0.32,-1.11,2.0,4.0,0.0,5.0,0,0
10.0,7.0,40.0,2.0,1.71,0.46,1.0,5.0,1.0,3.0,0,1
4.0,7.0,36.0,3.3,-0.25,0.47,1.0,4.0,0.0,4.0,0,1
7.0,6.0,36.0,2.8,0.42,0.22,1.0,4.0,1.0,4.0,1,1
7.0,9.0,35.0,3.8,0.56,1.1,1.0,3.0,0.0,5.0,1,1
7.0,8.0,39.0,2.8,0.36,0.61,2.0,3.0,0.0,3.0,1,1
1.0,1.0,38.0,3.2,-1.23,-1.5,1.0,4.0,1.0,4.0,0,1
6.0,7.0,33.0,3.2,0.08,0.36,1.0,2.0,0.0,5.0,1,0
9.0,9.0,35.0,3.2,1.02,1.24,1.0,4.0,0.0,5.0,1,1
2.0,3.0,22.0,3.3,-0.71,-0.66,1.0,3.0,0.0,1.0,0,1
5.0,7.0,27.0,2.8,-0.11,0.55,1.0,2.0,1.0,3.0,0,0
7.0,10.0,26.3,2.7,0.49,1.72,2.0,4.0,1.0,2.0,1,1
10.0,10.0,37.0,2.5,1.39,1.3,1.0,4.0,1.0,4.0,1,1
1.0,1.0,28.0,3.8,-1.46,-1.48,1.0,3.0,0.0,3.0,0,0
4.0,5.0,38.0,3.6,-0.36,-0.06,1.0,4.0,1.0,4.0,1,1
9.0,10.0,46.0,4.0,1.12,1.31,1.0,3.0,0.0,5.0,1,1
3.0,1.0,36.0,3.3,-0.83,-1.82,1.0,3.0,0.0,6.0,1,0
4.0,4.0,40.0,2.4,-0.36,-0.47,1.0,4.0,1.0,4.0,1,1
2.0,2.0,38.0,2.6,-0.98,-1.1,1.0,3.0,1.0,4.0,1,1
2.0,1.0,41.0,2.5,-0.89,-1.46,1.0,3.0,1.0,3.0,0,0
4.0,2.0,41.0,3.2,-0.38,-1.11,1.0,3.0,0.0,5.0,1,0
1.0,1.0,22.5,3.4,-2.33,-1.52,1.0,3.0,0.0,3.0,0,0
5.0,2.0,40.0,2.6,-0.1,-1.21,1.0,2.0,1.0,4.0,0,1
1.0,1.0,28.0,2.8,-1.48,-1.59,1.0,3.0,0.0,3.0,0,0
3.0,3.0,46.0,3.4,-0.49,-0.65,1.0,3.0,0.0,6.0,1,1
1.0,2.0,28.0,2.4,-1.46,-1.17,1.0,3.0,0.0,3.0,0,0
3.0,2.0,38.0,2.7,-0.56,-0.89,1.0,4.0,0.0,6.0,1,1
7.0,7.0,38.0,3.3,0.37,0.51,1.0,4.0,1.0,3.0,1,1
5.0,5.0,40.0,3.4,-0.1,-0.11,1.0,3.0,0.0,3.0,1,1
9.0,9.0,33.0,2.9,0.86,1.11,1.0,4.0,1.0,2.0,1,1
1.0,3.0,39.0,3.4,-1.82,-0.83,1.0,2.0,1.0,1.0,0,0
4.0,3.0,31.0,3.8,-0.17,-0.77,1.0,3.0,1.0,4.0,1,0
3.0,1.0,22.5,3.1,-0.65,-1.97,1.0,3.0,1.0,5.0,0,0
6.0,8.0,35.0,3.0,0.12,0.57,1.0,4.0,0.0,3.0,1,1
10.0,10.0,42.0,4.0,1.95,1.58,2.0,3.0,0.0,6.0,1,1
5.0,8.0,37.0,4.0,-0.13,0.61,1.0,3.0,0.0,3.0,1,1
1.0,3.0,36.0,3.4,-2.04,-0.77,1.0,4.0,0.0,3.0,1,0
3.0,2.0,41.0,3.4,-0.56,-0.98,1.0,4.0,1.0,5.0,1,0
1.0,3.0,34.0,3.6,-1.21,-0.8,1.0,4.0,0.0,4.0,1,1
2.0,1.0,20.0,2.7,-0.93,-1.69,1.0,4.0,0.0,1.0,0,0
1.0,5.0,29.0,3.0,-2.84,-0.17,2.0,2.0,0.0,4.0,0,1
4.0,4.0,30.0,3.2,-0.36,-0.46,1.0,2.0,1.0,3.0,0,1
2.0,4.0,31.0,2.9,-0.74,-0.46,1.0,3.0,1.0,2.0,0,1
10.0,10.0,33.0,2.7,1.37,1.53,1.0,5.0,1.0,3.0,1,1
7.0,6.0,29.0,2.0,0.44,0.17,1.0,3.0,1.0,1.0,1,1
2.0,3.0,42.0,3.5,-1.01,-0.87,1.0,5.0,1.0,4.0,1,1
10.0,10.0,41.0,3.7,1.86,1.88,1.0,2.0,0.0,3.0,1,1
1.0,1.0,34.0,2.9,-1.28,-1.58,1.0,3.0,0.0,4.0,1,0
7.0,7.0,31.0,3.2,0.28,0.29,1.0,4.0,1.0,5.0,0,1
1.0,1.0,41.0,2.8,-1.17,-1.48,1.0,4.0,1.0,4.0,1,1
4.0,3.0,45.0,3.5,-0.21,-0.54,1.0,2.0,1.0,4.0,1,1
9.0,7.0,33.0,3.2,1.25,0.36,1.0,4.0,1.0,3.0,0,0
1.0,1.0,40.0,3.7,-1.62,-1.79,1.0,4.0,0.0,6.0,1,0
1.0,1.0,35.0,3.1,-1.46,-1.67,1.0,4.0,0.0,3.0,1,1
1.0,1.0,26.0,3.0,-1.38,-1.68,1.0,5.0,0.0,4.0,0,0
10.0,10.0,41.0,4.0,2.34,2.68,1.0,3.0,0.0,3.0,1,1
2.0,2.0,34.0,3.1,-1.02,-0.86,1.0,2.0,0.0,5.0,0,1
3.0,4.0,35.0,2.3,-0.5,-0.45,1.0,4.0,0.0,3.0,0,1
1.0,1.0,29.0,2.5,-2.01,-2.23,1.0,4.0,0.0,3.0,0,0
1.0,2.0,40.0,3.1,-1.36,-1.01,1.0,3.0,0.0,3.0,0,1
5.0,6.0,39.0,2.4,-0.1,0.19,1.0,3.0,1.0,3.0,1,1
6.0,5.0,45.0,3.8,0.12,-0.12,1.0,3.0,1.0,6.0,1,1
4.0,4.0,38.0,3.7,-0.38,-0.45,1.0,4.0,0.0,6.0,0,0
10.0,10.0,40.0,3.5,1.49,1.57,1.0,3.0,1.0,3.0,1,1
5.0,1.0,20.0,2.7,-0.04,-1.51,1.0,3.0,0.0,1.0,0,0
1.0,1.0,32.0,2.9,-1.35,-1.99,1.0,1.0,0.0,3.0,0,0
1.0,1.0,32.0,2.9,-1.58,-1.66,2.0,3.0,1.0,3.0,0,1
4.0,2.0,30.0,2.6,-0.33,-1.09,1.0,1.0,0.0,5.0,0,1
4.0,2.0,30.0,3.9,-0.45,-0.86,1.0,3.0,0.0,5.0,0,0
10.0,6.0,38.0,3.2,1.65,0.26,1.0,2.0,1.0,4.0,1,1
6.0,6.0,42.0,3.1,0.21,0.2,1.0,4.0,0.0,4.0,1,1
5.0,2.0,27.5,3.1,-0.15,-0.98,1.0,5.0,0.0,3.0,1,0
3.0,5.0,41.0,3.7,-0.51,-0.02,1.0,3.0,1.0,5.0,1,1
2.0,3.0,46.0,3.5,-0.85,-0.59,1.0,4.0,1.0,6.0,1,0
1.0,1.0,22.0,2.5,-1.54,-1.84,1.0,3.0,1.0,4.0,0,0
4.0,3.0,39.0,2.9,-0.29,-0.84,1.0,4.0,1.0,4.0,1,1
8.0,7.0,28.5,3.2,0.66,0.32,1.0,4.0,1.0,2.0,1,0
7.0,6.0,33.0,2.5,0.61,0.15,1.0,4.0,0.0,1.0,1,1
2.0,1.0,37.0,3.8,-1.04,-1.73,1.0,3.0,1.0,5.0,0,1
1.0,1.0,33.0,3.3,-1.91,-1.51,1.0,1.0,0.0,5.0,0,0
2.0,4.0,28.5,3.8,-0.86,-0.47,1.0,3.0,1.0,3.0,1,1
3.0,1.0,27.0,3.7,-0.62,-1.65,1.0,1.0,0.0,5.0,0,1
4.0,3.0,37.0,3.3,-0.24,-0.8,1.0,4.0,1.0,4.0,1,1
2.0,2.0,37.0,1.9,-0.96,-1.23,1.0,4.0,1.0,1.0,0,0
6.0,7.0,29.0,2.6,0.19,0.36,1.0,3.0,1.0,3.0,1,1
10.0,10.0,37.0,3.5,1.36,1.38,1.0,4.0,0.0,4.0,1,1
6.0,5.0,37.0,3.9,0.25,0.02,1.0,3.0,0.0,6.0,0,1
1.0,1.0,26.0,3.3,-1.5,-1.73,1.0,3.0,1.0,3.0,0,0
2.0,2.0,34.0,3.2,-0.76,-1.29,1.0,4.0,1.0,3.0,1,0
1.0,1.0,24.0,3.1,-1.75,-1.99,1.0,1.0,0.0,5.0,0,0
1.0,2.0,24.0,3.1,-1.18,-1.23,1.0,1.0,0.0,3.0,0,0
3.0,4.0,47.0,2.5,-0.47,-0.49,1.0,3.0,1.0,4.0,0,1
9.0,9.0,42.0,3.5,1.06,1.22,1.0,4.0,0.0,4.0,1,1
5.0,7.0,37.0,3.4,0.06,0.53,1.0,2.0,1.0,4.0,1,1
7.0,2.0,34.0,2.7,0.43,-0.98,1.0,3.0,1.0,4.0,0,0
1.0,2.0,29.0,3.3,-1.66,-1.2,1.0,3.0,1.0,4.0,0,1
5.0,3.0,27.0,3.4,-0.19,-0.76,1.0,3.0,1.0,5.0,0,1
5.0,2.0,33.0,2.4,-0.05,-1.23,1.0,3.0,1.0,3.0,0,0
5.0,5.0,35.0,2.9,0.05,-0.02,1.0,3.0,0.0,3.0,0,1
4.0,4.0,47.0,3.0,-0.4,-0.46,1.0,4.0,1.0,4.0,1,1
2.0,4.0,34.0,3.4,-0.86,-0.35,1.0,3.0,0.0,3.0,1,0
3.0,1.0,41.0,3.2,-0.55,-1.48,1.0,5.0,1.0,5.0,1,0
6.0,7.0,36.0,3.5,0.24,0.44,1.0,3.0,0.0,3.0,0,1
4.0,8.0,39.0,3.4,-0.43,0.58,1.0,3.0,1.0,5.0,0,1
2.0,1.0,36.0,3.5,-0.87,-1.34,1.0,3.0,1.0,4.0,1,0
10.0,10.0,34.0,3.0,1.29,1.36,1.0,3.0,1.0,2.0,1,1
6.0,4.0,38.5,3.0,0.2,-0.37,1.0,4.0,1.0,3.0,1,1
4.0,5.0,33.0,3.6,-0.21,-0.02,1.0,2.0,0.0,4.0,0,1
3.0,6.0,38.0,3.3,-0.48,0.17,1.0,4.0,0.0,3.0,1,1
9.0,6.0,31.0,1.8,0.95,0.09,1.0,2.0,1.0,1.0,0,0
3.0,2.0,30.0,2.7,-0.5,-1.1,1.0,4.0,1.0,2.0,1,1
6.0,5.0,33.0,3.5,0.06,-0.24,1.0,3.0,0.0,5.0,0,0
1.0,1.0,27.0,3.3,-1.52,-1.77,1.0,2.0,0.0,4.0,0,0
4.0,2.0,38.0,2.8,-0.27,-0.89,1.0,3.0,0.0,3.0,1,1
1.0,1.0,38.0,3.5,-1.95,-1.69,1.0,4.0,1.0,3.0,1,0
8.0,9.0,36.0,2.7,0.81,0.95,1.0,4.0,0.0,3.0,1,1
1.0,1.0,31.0,2.8,-1.32,-2.05,1.0,4.0,0.0,5.0,0,0
4.0,5.0,30.0,3.0,-0.42,-0.2,1.0,3.0,0.0,4.0,0,1
4.0,6.0,32.0,2.7,-0.22,0.0,1.0,3.0,1.0,3.0,0,1
6.0,6.0,36.0,3.8,0.19,0.14,1.0,4.0,0.0,5.0,1,1
4.0,6.0,32.0,3.2,-0.2,0.08,1.0,3.0,1.0,3.0,1,1
5.0,6.0,37.0,2.8,0.03,0.28,1.0,4.0,0.0,4.0,1,1
4.0,5.0,31.0,3.3,-0.11,-0.09,1.0,3.0,0.0,1.0,1,1
5.0,8.0,37.0,3.8,-0.11,0.63,1.0,3.0,1.0,6.0,1,1
4.0,4.0,36.0,3.2,-0.23,-0.51,2.0,4.0,0.0,5.0,1,0
5.0,4.0,43.0,3.4,0.06,-0.23,1.0,4.0,1.0,6.0,0,1
3.0,4.0,44.0,3.9,-0.61,-0.25,1.0,4.0,0.0,5.0,0,1
6.0,4.0,36.7,3.5,0.12,-0.37,1.0,4.0,0.0,5.0,1,0
1.0,1.0,29.0,2.8,-1.75,-2.04,1.0,3.0,1.0,4.0,0,0
7.0,5.0,38.0,3.2,0.42,-0.16,1.0,3.0,1.0,5.0,1,1
9.0,9.0,33.5,3.1,1.23,1.27,1.0,4.0,0.0,3.0,1,1
4.0,5.0,41.0,3.2,-0.25,-0.24,1.0,4.0,1.0,4.0,1,1
3.0,4.0,31.0,2.2,-0.48,-0.45,1.0,2.0,0.0,1.0,0,0
10.0,10.0,40.0,3.3,1.76,1.93,1.0,4.0,0.0,3.0,1,1
6.0,6.0,34.5,3.6,0.25,0.18,1.0,3.0,0.0,4.0,1,1
1.0,1.0,20.0,2.4,-1.14,-1.51,1.0,4.0,0.0,1.0,0,0
5.0,5.0,40.0,3.1,0.0,-0.22,1.0,4.0,1.0,4.0,1,1
3.0,2.0,31.0,2.7,-0.68,-0.92,1.0,4.0,0.0,3.0,0,0
6.0,5.0,33.0,3.5,0.16,-0.09,1.0,4.0,1.0,3.0,0,1
5.0,4.0,31.0,2.8,-0.1,-0.25,1.0,3.0,0.0,5.0,0,0
5.0,4.0,25.5,2.7,0.02,-0.3,1.0,3.0,1.0,3.0,1,0
4.0,5.0,21.0,3.5,-0.39,-0.15,1.0,3.0,0.0,4.0,0,0
7.0,7.0,41.0,3.2,0.53,0.39,1.0,4.0,0.0,3.0,1,1
9.0,7.0,34.0,3.3,1.19,0.44,2.0,3.0,1.0,3.0,1,1
3.0,3.0,31.0,3.4,-0.54,-0.59,1.0,4.0,1.0,5.0,1,0
3.0,2.0,30.0,2.7,-0.56,-0.96,1.0,4.0,1.0,4.0,0,1
4.0,2.0,37.0,2.9,-0.18,-1.22,1.0,2.0,1.0,4.0,0,1
8.0,7.0,44.0,3.5,0.82,0.28,1.0,4.0,1.0,5.0,1,1
2.0,3.0,33.5,3.3,-0.8,-0.77,2.0,3.0,1.0,2.0,0,0
8.0,7.0,41.0,2.7,0.84,0.39,2.0,3.0,1.0,4.0,1,1
6.0,3.0,29.0,2.4,0.14,-0.7,2.0,4.0,1.0,4.0,0,1
1.0,2.0,27.7,2.4,-1.7,-0.9,1.0,3.0,1.0,6.0,0,0
5.0,5.0,35.0,2.5,0.02,-0.02,1.0,5.0,1.0,3.0,1,1
1.0,1.0,21.0,2.7,-1.22,-2.11,1.0,3.0,0.0,4.0,0,0
3.0,5.0,36.0,2.7,-0.68,-0.28,1.0,3.0,0.0,3.0,0,1
10.0,10.0,38.0,3.0,1.33,1.35,1.0,3.0,1.0,3.0,1,1
2.0,3.0,33.0,2.4,-0.75,-0.86,1.0,3.0,0.0,3.0,0,0
9.0,10.0,39.0,3.6,0.9,1.47,1.0,3.0,1.0,4.0,1,1
2.0,1.0,19.0,3.3,-0.88,-1.54,1.0,3.0,0.0,1.0,0,1
6.0,6.0,24.0,3.2,0.17,0.0,1.0,3.0,0.0,3.0,1,1
9.0,10.0,31.0,3.2,1.16,1.43,1.0,4.0,1.0,2.0,1,1
5.0,5.0,26.0,2.6,-0.01,-0.28,1.0,2.0,1.0,3.0,0,1
3.0,2.0,23.5,3.6,-0.52,-0.95,1.0,4.0,0.0,1.0,0,0
6.0,4.0,39.0,3.3,0.15,-0.4,1.0,4.0,0.0,3.0,1,1
1.0,1.0,21.0,3.2,-1.42,-1.51,2.0,2.0,1.0,4.0,0,0
8.0,7.0,30.5,3.6,0.65,0.44,1.0,3.0,0.0,3.0,1,1
4.0,6.0,40.0,3.6,-0.33,0.03,1.0,4.0,0.0,4.0,1,1
8.0,6.0,43.0,3.7,0.77,0.11,1.0,3.0,1.0,6.0,1,1
6.0,7.0,42.0,4.0,0.27,0.33,1.0,4.0,1.0,5.0,1,1
1.0,2.0,25.0,2.5,-1.33,-0.97,1.0,3.0,1.0,2.0,0,0
8.0,8.0,35.0,3.0,0.69,0.57,1.0,3.0,1.0,2.0,1,1
1.0,1.0,26.0,3.0,-1.57,-1.58,1.0,5.0,0.0,4.0,0,0
1.0,2.0,44.0,3.4,-1.4,-1.08,1.0,4.0,0.0,5.0,1,1
2.0,2.0,33.0,2.9,-1.04,-1.0,1.0,5.0,0.0,2.0,0,0
9.0,7.0,40.0,3.3,1.2,0.32,1.0,3.0,0.0,3.0,1,1
1.0,2.0,36.5,3.1,-1.23,-1.16,1.0,3.0,0.0,3.0,1,0
7.0,6.0,32.0,3.6,0.41,0.14,1.0,4.0,0.0,3.0,1,1
7.0,7.0,30.0,2.7,0.56,0.28,1.0,2.0,0.0,1.0,0,0
7.0,6.0,32.0,3.0,0.46,0.09,1.0,2.0,0.0,1.0,0,1
1.0,1.0,22.0,2.5,-1.6,-1.78,1.0,4.0,0.0,3.0,0,0
10.0,10.0,45.0,3.7,1.96,2.5,1.0,4.0,0.0,2.0,0,1
8.0,8.0,40.0,3.1,0.84,0.58,2.0,2.0,0.0,3.0,1,1
3.0,4.0,32.0,3.1,-0.55,-0.44,1.0,3.0,0.0,3.0,0,1
6.0,8.0,47.0,3.2,0.3,0.84,1.0,3.0,0.0,4.0,1,1
3.0,4.0,35.0,3.1,-0.67,-0.28,1.0,3.0,1.0,5.0,0,1
3.0,2.0,34.0,2.3,-0.54,-1.21,1.0,3.0,1.0,4.0,0,0
4.0,1.0,36.0,2.7,-0.31,-1.58,1.0,3.0,1.0,5.0,0,0
9.0,9.0,38.0,3.1,0.92,1.18,1.0,4.0,1.0,4.0,1,1
2.0,1.0,32.0,3.4,-1.1,-1.81,1.0,3.0,1.0,5.0,0,1
1.0,10.0,32.0,3.2,-1.5,1.68,2.0,3.0,1.0,4.0,0,0
2.0,4.0,32.0,3.1,-0.97,-0.51,2.0,4.0,0.0,3.0,1,0
1.0,2.0,36.5,3.0,-1.33,-1.06,1.0,3.0,0.0,3.0,0,1
3.0,1.0,28.0,3.2,-0.55,-1.37,1.0,3.0,1.0,3.0,0,0
10.0,10.0,39.0,2.7,1.42,1.72,1.0,4.0,1.0,2.0,1,1
8.0,9.0,36.0,3.4,0.77,0.99,1.0,4.0,1.0,3.0,1,1
1.0,1.0,32.5,2.5,-1.24,-1.51,1.0,3.0,0.0,3.0,0,0
1.0,2.0,36.0,3.8,-1.23,-1.04,1.0,4.0,1.0,3.0,1,0
8.0,7.0,42.0,2.8,0.58,0.43,2.0,3.0,1.0,5.0,1,1
8.0,9.0,33.0,3.9,0.65,0.88,1.0,4.0,0.0,3.0,1,0
5.0,2.0,27.3,3.2,0.05,-0.99,1.0,3.0,1.0,3.0,1,0
5.0,6.0,37.0,2.9,-0.01,0.06,1.0,4.0,0.0,3.0,0,1
3.0,3.0,43.0,3.6,-0.54,-0.54,1.0,2.0,1.0,5.0,0,1
10.0,9.0,36.0,3.6,1.37,0.91,1.0,3.0,1.0,2.0,0,1
1.0,1.0,26.0,3.7,-1.27,-1.38,2.0,2.0,0.0,4.0,0,0
6.0,7.0,37.0,3.1,0.14,0.45,1.0,4.0,0.0,3.0,1,1
3.0,2.0,30.0,2.8,-0.61,-1.26,2.0,3.0,1.0,3.0,0,0
6.0,7.0,37.0,3.8,0.15,0.46,1.0,3.0,1.0,2.0,0,1
7.0,7.0,36.0,2.9,0.48,0.53,1.0,3.0,1.0,3.0,1,1
3.0,5.0,38.0,2.4,-0.42,-0.22,2.0,4.0,0.0,3.0,1,0
3.0,1.0,26.0,2.3,-0.49,-1.32,2.0,2.0,0.0,2.0,0,0
3.0,2.0,41.0,2.6,-0.58,-0.98,1.0,3.0,1.0,3.0,0,1
2.0,2.0,28.0,3.3,-0.79,-1.02,1.0,2.0,0.0,3.0,0,1
4.0,4.0,41.0,3.0,-0.37,-0.51,1.0,2.0,0.0,5.0,0,1
2.0,2.0,33.0,2.6,-0.86,-1.11,1.0,3.0,0.0,4.0,1,1
1.0,1.0,22.0,3.8,-1.31,-2.39,1.0,2.0,0.0,3.0,0,0
1.0,1.0,36.0,3.0,-1.33,-1.37,1.0,3.0,0.0,3.0,1,1
6.0,4.0,42.0,2.9,0.13,-0.53,1.0,4.0,1.0,4.0,0,1
9.0,8.0,20.0,2.4,0.89,0.58,1.0,3.0,1.0,1.0,0,1
7.0,6.0,27.7,3.3,0.33,0.08,1.0,3.0,1.0,3.0,1,1
6.0,5.0,31.0,2.2,0.18,-0.11,1.0,2.0,1.0,1.0,0,0
2.0,1.0,33.0,3.0,-1.12,-1.52,1.0,2.0,0.0,4.0,0,0
2.0,1.0,21.0,3.0,-0.96,-1.62,1.0,3.0,0.0,4.0,0,0
1.0,1.0,25.0,3.5,-1.29,-2.78,1.0,3.0,1.0,5.0,0,0
6.0,6.0,37.0,2.6,0.11,0.01,2.0,3.0,1.0,3.0,0,0
10.0,10.0,33.0,2.9,1.27,1.38,1.0,3.0,1.0,2.0,1,1
5.0,3.0,33.0,3.2,-0.18,-0.71,2.0,3.0,0.0,5.0,1,0
1.0,6.0,42.0,3.6,-1.43,0.13,1.0,4.0,0.0,5.0,1,1
6.0,7.0,43.0,3.8,0.14,0.32,1.0,3.0,1.0,5.0,1,1
1.0,1.0,35.0,2.5,-1.23,-1.54,1.0,3.0,1.0,3.0,1,0
1.0,1.0,28.0,3.0,-1.77,-1.62,1.0,3.0,1.0,6.0,0,1
9.0,7.0,44.0,2.8,0.96,0.48,1.0,4.0,1.0,5.0,1,1
8.0,6.0,33.0,3.3,0.65,0.26,1.0,2.0,1.0,3.0,1,1
1.0,1.0,29.0,3.5,-1.35,-2.2,1.0,3.0,0.0,3.0,0,0
1.0,1.0,28.0,2.9,-1.4,-1.73,1.0,4.0,0.0,3.0,0,0
1.0,1.0,26.5,3.4,-1.36,-1.33,1.0,2.0,0.0,3.0,1,0
9.0,9.0,40.0,3.9,1.02,0.95,1.0,3.0,1.0,4.0,1,1
9.0,8.0,42.0,3.0,1.19,0.6,1.0,4.0,1.0,6.0,1,1
1.0,1.0,44.0,3.0,-1.83,-1.72,1.0,3.0,0.0,5.0,0,0
2.0,1.0,35.0,2.9,-1.14,-1.72,1.0,3.0,1.0,5.0,1,0
3.0,5.0,32.0,3.6,-0.47,-0.22,1.0,3.0,0.0,5.0,0,1
3.0,5.0,42.0,3.4,-0.7,0.01,1.0,3.0,1.0,5.0,1,1
2.0,1.0,42.0,3.2,-1.02,-1.63,1.0,3.0,1.0,5.0,0,0
1.0,1.0,25.0,2.3,-1.91,-1.53,1.0,1.0,1.0,4.0,0,1
1.0,1.0,36.0,2.8,-1.52,-1.56,1.0,3.0,1.0,4.0,0,0
3.0,5.0,43.0,3.4,-0.7,-0.11,1.0,4.0,1.0,5.0,1,1
2.0,3.0,39.0,3.2,-0.76,-0.71,1.0,4.0,0.0,5.0,0,0
3.0,3.0,34.0,3.2,-0.55,-0.58,1.0,4.0,0.0,4.0,1,1
4.0,4.0,38.0,3.3,-0.36,-0.54,1.0,1.0,1.0,3.0,0,0
5.0,6.0,35.0,3.0,-0.12,0.18,1.0,4.0,1.0,3.0,1,1
3.0,4.0,20.0,2.8,-0.48,-0.47,1.0,1.0,0.0,1.0,0,0
8.0,8.0,31.5,2.6,0.63,0.67,1.0,5.0,0.0,5.0,0,1
5.0,7.0,31.0,3.3,-0.05,0.28,1.0,4.0,0.0,5.0,1,1
3.0,4.0,33.5,3.5,-0.44,-0.43,1.0,4.0,0.0,4.0,0,1
1.0,1.0,39.0,3.3,-1.53,-2.97,1.0,2.0,0.0,6.0,0,0
4.0,5.0,39.0,2.7,-0.28,-0.28,1.0,4.0,0.0,2.0,1,0
2.0,2.0,33.0,3.0,-0.72,-0.88,1.0,4.0,0.0,1.0,1,0
2.0,1.0,21.0,2.9,-0.84,-1.51,1.0,3.0,0.0,1.0,0,0
1.0,1.0,28.3,2.4,-2.18,-1.93,1.0,1.0,1.0,4.0,0,0
1.0,1.0,25.0,2.5,-1.86,-2.4,1.0,1.0,1.0,5.0,0,0
10.0,9.0,41.0,2.8,1.68,0.97,1.0,4.0,1.0,4.0,1,1
1.0,1.0,25.5,2.5,-1.76,-1.59,1.0,4.0,0.0,4.0,0,0
3.0,1.0,28.0,3.2,-0.67,-1.54,2.0,2.0,0.0,4.0,0,0
4.0,3.0,21.0,3.0,-0.09,-0.83,1.0,3.0,1.0,1.0,0,0
2.0,1.0,31.0,2.9,-0.9,-1.53,1.0,2.0,0.0,1.0,0,0
3.0,1.0,34.0,3.1,-0.65,-1.85,2.0,2.0,1.0,3.0,0,0
3.0,2.0,30.0,2.6,-0.5,-1.08,1.0,2.0,1.0,4.0,0,1
10.0,10.0,42.0,4.0,2.04,2.17,1.0,4.0,1.0,4.0,1,1
2.0,1.0,31.0,3.0,-1.09,-1.52,1.0,2.0,0.0,4.0,0,0
2.0,4.0,42.0,3.8,-0.86,-0.3,1.0,5.0,1.0,3.0,1,1
4.0,3.0,46.0,3.3,-0.45,-0.53,1.0,4.0,0.0,5.0,1,1
3.0,2.0,34.0,3.3,-0.71,-1.0,1.0,3.0,0.0,4.0,0,1
1.0,1.0,28.0,2.5,-2.18,-2.5,1.0,3.0,0.0,4.0,0,0
8.0,6.0,44.0,3.4,0.64,0.16,1.0,4.0,1.0,4.0,1,1
4.0,2.0,45.0,3.1,-0.25,-0.88,1.0,2.0,0.0,5.0,0,1
4.0,4.0,41.0,3.1,-0.35,-0.39,1.0,3.0,0.0,3.0,1,1
3.0,2.0,33.0,3.1,-0.57,-1.16,1.0,3.0,0.0,3.0,0,1
8.0,7.0,30.0,3.1,0.63,0.34,1.0,3.0,1.0,3.0,1,1
7.0,5.0,32.0,3.4,0.53,-0.13,2.0,4.0,0.0,2.0,1,0
2.0,1.0,37.5,2.8,-0.87,-1.55,1.0,3.0,0.0,3.0,1,1
1.0,1.0,26.0,3.1,-1.13,-1.5,1.0,2.0,0.0,3.0,0,0
6.0,6.0,34.0,3.8,0.26,0.2,1.0,3.0,1.0,4.0,1,1
2.0,2.0,32.0,2.8,-0.83,-1.17,1.0,2.0,1.0,4.0,0,0
6.0,4.0,34.0,3.6,0.22,-0.44,1.0,3.0,1.0,4.0,1,1
8.0,9.0,36.0,2.9,0.8,1.21,2.0,3.0,1.0,3.0,1,0
8.0,5.0,36.0,3.4,0.7,-0.1,1.0,5.0,1.0,4.0,0,1
1.0,4.0,25.0,2.3,-1.26,-0.51,2.0,3.0,0.0,3.0,0,0
4.0,5.0,27.0,3.7,-0.42,-0.22,1.0,2.0,1.0,4.0,1,1
4.0,4.0,42.0,3.2,-0.28,-0.48,1.0,3.0,1.0,4.0,1,1
7.0,8.0,33.0,3.0,0.56,0.6,1.0,3.0,0.0,5.0,1,1
3.0,5.0,37.0,3.6,-0.66,-0.02,1.0,2.0,0.0,4.0,0,1
10.0,10.0,34.0,3.8,1.99,1.97,1.0,4.0,1.0,4.0,1,1
5.0,4.0,40.0,3.4,-0.06,-0.27,1.0,4.0,1.0,5.0,0,1
7.0,7.0,31.0,3.3,0.42,0.53,1.0,3.0,1.0,3.0,1,1
2.0,3.0,38.0,3.0,-0.78,-0.7,1.0,3.0,0.0,4.0,0,1
8.0,7.0,48.0,3.3,0.85,0.46,1.0,4.0,1.0,5.0,0,1
4.0,5.0,40.0,3.2,-0.4,-0.04,1.0,4.0,0.0,4.0,0,1
6.0,5.0,31.0,3.0,0.08,-0.07,1.0,4.0,0.0,2.0,1,1
1.0,2.0,30.0,3.0,-1.17,-1.16,2.0,2.0,1.0,3.0,1,1
1.0,1.0,46.0,3.0,-1.66,-1.93,1.0,4.0,1.0,5.0,1,0
1.0,1.0,24.0,3.0,-1.62,-2.03,2.0,2.0,0.0,3.0,0,0
5.0,3.0,33.0,3.5,-0.14,-0.66,1.0,4.0,0.0,4.0,0,1
4.0,5.0,35.0,2.7,-0.19,-0.19,1.0,3.0,1.0,3.0,0,1
9.0,10.0,36.0,3.0,1.25,1.33,1.0,4.0,1.0,3.0,0,1
2.0,4.0,40.0,3.9,-1.08,-0.46,1.0,3.0,1.0,5.0,0,1
4.0,4.0,40.0,2.6,-0.39,-0.49,1.0,3.0,1.0,3.0,1,1
6.0,4.0,41.0,3.1,0.08,-0.45,1.0,4.0,0.0,5.0,0,0
1.0,1.0,36.0,2.7,-1.22,-1.44,1.0,4.0,1.0,3.0,0,1
4.0,3.0,35.0,3.2,-0.18,-0.69,1.0,4.0,1.0,4.0,1,1
5.0,4.0,31.0,2.5,0.08,-0.4,1.0,1.0,1.0,1.0,1,0
6.0,4.0,44.0,2.7,0.22,-0.31,1.0,4.0,1.0,3.0,1,1
2.0,2.0,25.5,2.1,-0.77,-1.2,2.0,5.0,1.0,3.0,1,1
3.0,1.0,25.7,2.8,-0.51,-1.51,1.0,2.0,1.0,3.0,0,0
2.0,2.0,35.5,3.1,-0.76,-1.1,1.0,3.0,0.0,5.0,0,0
2.0,2.0,27.5,2.4,-0.79,-1.16,1.0,4.0,1.0,3.0,0,0
1.0,1.0,20.5,2.8,-1.38,-1.91,1.0,3.0,0.0,3.0,0,0
6.0,4.0,20.7,2.2,0.25,-0.4,1.0,4.0,0.0,1.0,0,0
7.0,5.0,35.0,3.0,0.45,-0.09,1.0,3.0,0.0,3.0,0,0
4.0,6.0,36.0,3.1,-0.33,0.12,1.0,3.0,1.0,4.0,1,1
2.0,2.0,40.0,3.4,-0.9,-1.02,1.0,4.0,0.0,3.0,1,1
7.0,6.0,33.0,2.5,0.56,0.21,2.0,3.0,1.0,3.0,0,1
7.0,3.0,25.0,2.6,0.61,-0.73,1.0,2.0,1.0,1.0,0,0
3.0,2.0,34.0,3.4,-0.54,-1.17,1.0,3.0,0.0,5.0,0,0
6.0,4.0,41.0,1.8,0.21,-0.45,2.0,4.0,1.0,5.0,1,1
4.0,4.0,30.0,3.1,-0.38,-0.45,2.0,4.0,1.0,5.0,0,0
6.0,6.0,40.0,3.7,0.09,0.25,1.0,4.0,0.0,5.0,1,1
5.0,4.0,34.0,3.2,-0.15,-0.57,1.0,3.0,0.0,2.0,1,1
7.0,8.0,28.5,3.6,0.45,0.6,1.0,3.0,0.0,4.0,0,1
6.0,6.0,29.0,2.6,0.07,0.02,1.0,3.0,1.0,3.0,1,1
7.0,7.0,33.5,3.4,0.45,0.45,1.0,4.0,1.0,3.0,1,1
3.0,3.0,24.0,3.5,-0.51,-0.78,1.0,2.0,1.0,4.0,0,0
1.0,2.0,39.0,3.1,-1.64,-1.3,1.0,4.0,0.0,3.0,1,0
3.0,1.0,42.0,2.8,-0.64,-2.06,1.0,4.0,1.0,5.0,0,0
7.0,6.0,42.0,3.5,0.54,0.2,1.0,4.0,1.0,5.0,0,1
2.0,1.0,27.0,3.2,-0.74,-1.49,1.0,3.0,0.0,2.0,0,1
1.0,1.0,34.0,2.8,-1.83,-2.41,1.0,3.0,0.0,3.0,0,0
7.0,7.0,40.0,3.1,0.34,0.49,1.0,3.0,0.0,5.0,0,1
6.0,6.0,40.0,3.6,0.08,0.05,1.0,3.0,0.0,5.0,0,1
2.0,2.0,40.0,3.3,-0.85,-1.06,1.0,4.0,0.0,5.0,1,0
7.0,7.0,39.0,3.1,0.51,0.48,1.0,4.0,1.0,4.0,0,1
1.0,1.0,22.0,2.6,-1.41,-1.66,1.0,1.0,1.0,3.0,0,0
3.0,9.0,40.5,4.0,-0.68,1.13,1.0,4.0,0.0,5.0,1,1
1.0,1.0,22.0,2.6,-1.14,-2.11,2.0,5.0,0.0,3.0,1,0
4.0,6.0,36.0,3.2,-0.25,0.2,1.0,4.0,1.0,5.0,1,1
1.0,1.0,20.0,3.4,-2.41,-1.8,1.0,3.0,0.0,4.0,0,0
1.0,1.0,33.0,2.7,-1.28,-1.46,1.0,4.0,0.0,4.0,0,1
1.0,1.0,28.0,2.9,-1.25,-1.65,1.0,3.0,0.0,3.0,0,0
1.0,1.0,26.0,2.8,-1.62,-2.23,1.0,4.0,0.0,2.0,0,0
8.0,6.0,30.0,3.9,0.75,0.24,2.0,4.0,1.0,5.0,1,1
10.0,10.0,34.0,3.1,2.53,2.41,2.0,4.0,1.0,3.0,1,1
1.0,1.0,26.0,3.6,-1.23,-1.41,1.0,3.0,1.0,4.0,0,0
1.0,3.0,28.0,3.6,-1.16,-0.66,1.0,3.0,0.0,3.0,0,0
9.0,9.0,42.0,4.0,1.26,0.95,1.0,3.0,0.0,1.0,1,1
1.0,1.0,30.0,2.8,-1.85,-1.73,1.0,2.0,1.0,6.0,0,1
1.0,2.0,32.0,3.0,-1.37,-1.23,1.0,4.0,0.0,2.0,0,0
1.0,1.0,33.0,2.7,-1.57,-1.55,1.0,3.0,1.0,2.0,1,1
4.0,5.0,39.0,4.0,-0.17,-0.23,1.0,3.0,0.0,4.0,1,1
1.0,3.0,36.0,3.0,-1.11,-0.65,1.0,4.0,1.0,3.0,1,0
2.0,2.0,37.0,2.6,-0.94,-0.96,1.0,4.0,0.0,5.0,1,1
10.0,10.0,37.0,3.3,1.78,1.43,1.0,2.0,1.0,3.0,0,1
1.0,2.0,26.0,3.6,-1.15,-1.0,1.0,3.0,1.0,3.0,0,0
3.0,3.0,36.0,3.4,-0.44,-0.67,1.0,4.0,0.0,3.0,1,1
1.0,1.0,44.0,3.2,-1.69,-2.04,1.0,3.0,1.0,5.0,1,0
9.0,9.0,33.0,3.8,1.03,1.16,1.0,3.0,1.0,4.0,0,1
7.0,7.0,41.0,3.8,0.43,0.41,1.0,4.0,0.0,4.0,1,1
3.0,2.0,40.0,3.8,-0.68,-1.12,1.0,3.0,1.0,4.0,1,0
4.0,2.0,33.5,2.4,-0.43,-1.17,1.0,2.0,1.0,2.0,1,1
7.0,8.0,40.5,2.6,0.46,0.64,1.0,4.0,1.0,3.0,0,1
1.0,2.0,38.0,3.3,-1.21,-1.25,1.0,5.0,1.0,6.0,1,1
3.0,3.0,32.0,3.2,-0.65,-0.87,1.0,4.0,1.0,3.0,1,0
5.0,5.0,35.0,2.9,-0.14,-0.19,1.0,4.0,1.0,6.0,1,1
8.0,8.0,40.0,3.7,0.77,0.68,1.0,4.0,0.0,4.0,1,1
9.0,9.0,48.0,3.7,1.03,0.85,1.0,4.0,0.0,6.0,1,1
1.0,1.0,22.5,2.6,-1.67,-1.42,1.0,3.0,0.0,3.0,0,1
9.0,9.0,39.0,3.3,1.16,1.25,1.0,4.0,0.0,3.0,1,1
2.0,1.0,39.0,2.7,-0.84,-1.35,1.0,4.0,1.0,3.0,1,0
5.0,4.0,27.5,2.6,-0.03,-0.43,1.0,5.0,1.0,3.0,1,1
3.0,5.0,35.0,2.8,-0.55,-0.24,1.0,4.0,0.0,3.0,1,1
1.0,1.0,31.5,1.9,-2.13,-2.33,1.0,2.0,1.0,4.0,0,0
1.0,1.0,25.0,3.5,-1.56,-1.75,1.0,3.0,0.0,4.0,0,1
9.0,8.0,29.0,3.2,1.12,0.63,1.0,3.0,0.0,1.0,0,1
3.0,3.0,39.0,3.2,-0.54,-0.53,1.0,2.0,0.0,5.0,1,1
8.0,7.0,39.0,3.2,0.74,0.44,1.0,4.0,1.0,3.0,1,1
8.0,3.0,44.0,3.4,0.66,-0.63,1.0,3.0,0.0,5.0,0,1
1.0,1.0,27.0,2.4,-2.01,-2.08,1.0,4.0,1.0,3.0,0,1
1.0,4.0,33.0,3.1,-1.56,-0.35,1.0,5.0,0.0,5.0,0,1
4.0,4.0,46.0,3.7,-0.32,-0.31,1.0,4.0,1.0,5.0,1,1
10.0,10.0,43.0,2.9,1.61,1.61,1.0,5.0,1.0,4.0,1,1
7.0,6.0,39.0,2.7,0.38,0.09,1.0,2.0,0.0,3.0,0,1
6.0,6.0,34.0,2.1,0.07,0.2,1.0,3.0,1.0,5.0,0,1
8.0,7.0,34.0,3.6,0.61,0.39,1.0,4.0,0.0,2.0,1,1
10.0,10.0,35.0,3.4,1.97,1.4,1.0,3.0,1.0,4.0,1,1
6.0,6.0,30.5,3.3,0.21,0.1,1.0,5.0,1.0,3.0,1,1
1.0,2.0,28.0,3.7,-1.58,-0.96,1.0,3.0,0.0,4.0,0,1
8.0,10.0,40.0,3.9,0.77,1.43,1.0,3.0,0.0,2.0,1,1
3.0,2.0,43.0,3.1,-0.64,-0.9,1.0,4.0,1.0,4.0,1,0
2.0,1.0,32.5,2.8,-0.83,-1.71,2.0,3.0,0.0,3.0,1,0
2.0,2.0,30.5,3.1,-0.79,-0.95,1.0,3.0,0.0,4.0,0,1
2.0,2.0,34.0,2.6,-0.7,-0.9,1.0,4.0,1.0,3.0,1,1
10.0,9.0,45.0,3.3,1.36,0.88,1.0,4.0,1.0,4.0,1,1
1.0,4.0,28.0,2.9,-2.09,-0.51,1.0,4.0,0.0,4.0,0,0
8.0,6.0,44.0,3.0,0.75,0.18,1.0,4.0,0.0,5.0,1,1
5.0,2.0,38.0,2.6,-0.1,-1.18,1.0,3.0,1.0,3.0,1,0
5.0,4.0,42.0,3.2,-0.03,-0.3,1.0,4.0,1.0,4.0,1,1
3.0,3.0,45.0,3.1,-0.51,-0.74,1.0,3.0,1.0,6.0,0,1
4.0,4.0,44.0,3.4,-0.31,-0.35,1.0,3.0,0.0,6.0,0,1
4.0,4.0,27.0,2.8,-0.28,-0.4,2.0,2.0,0.0,3.0,0,0
10.0,10.0,47.0,3.2,1.77,2.42,1.0,3.0,0.0,3.0,1,1
3.0,2.0,35.0,3.3,-0.57,-1.24,1.0,3.0,0.0,3.0,1,0
1.0,1.0,27.5,3.5,-1.54,-2.14,1.0,1.0,1.0,5.0,0,0
5.0,6.0,31.0,3.1,-0.1,0.19,1.0,4.0,0.0,2.0,1,1
2.0,1.0,32.3,2.5,-0.79,-1.75,1.0,4.0,0.0,3.0,1,1
3.0,4.0,38.0,2.9,-0.55,-0.44,1.0,4.0,1.0,3.0,0,1
5.0,5.0,35.0,3.1,-0.02,-0.18,1.0,2.0,1.0,4.0,1,1
2.0,1.0,29.0,3.2,-1.08,-1.48,1.0,3.0,0.0,3.0,0,1
1.0,1.0,38.0,2.8,-1.73,-1.79,1.0,5.0,1.0,3.0,1,0
1.0,1.0,26.0,3.6,-1.74,-1.8,1.0,1.0,0.0,3.0,0,1
2.0,2.0,19.0,3.0,-0.8,-1.09,1.0,2.0,1.0,5.0,0,0
1.0,1.0,31.0,2.6,-1.49,-1.64,1.0,3.0,0.0,3.0,0,0
9.0,9.0,38.0,2.7,1.15,1.1,1.0,4.0,1.0,3.0,1,1
3.0,3.0,36.0,2.2,-0.47,-0.79,1.0,4.0,1.0,1.0,0,1
8.0,6.0,42.0,3.5,0.65,0.21,1.0,3.0,0.0,5.0,1,1
3.0,2.0,35.0,3.0,-0.44,-1.06,1.0,4.0,0.0,3.0,0,0
8.0,7.0,39.0,3.0,0.73,0.41,1.0,4.0,1.0,3.0,1,1
7.0,7.0,44.0,3.6,0.4,0.54,1.0,4.0,0.0,5.0,1,1
1.0,1.0,24.0,3.6,-2.22,-1.65,1.0,2.0,0.0,3.0,0,0
3.0,2.0,36.0,2.2,-0.55,-1.05,1.0,3.0,0.0,1.0,0,0
4.0,3.0,34.0,2.3,-0.29,-0.67,1.0,3.0,0.0,3.0,0,0
4.0,9.0,39.0,3.7,-0.39,0.95,1.0,2.0,0.0,3.0,1,1
10.0,3.0,33.0,2.6,1.75,-0.54,2.0,3.0,1.0,4.0,1,0
3.0,4.0,29.0,3.6,-0.58,-0.45,1.0,4.0,0.0,1.0,0,0
10.0,10.0,39.0,3.9,1.41,1.71,1.0,3.0,0.0,2.0,1,1
6.0,5.0,38.0,3.7,0.1,-0.1,1.0,4.0,0.0,4.0,1,1
5.0,4.0,33.0,3.6,-0.07,-0.24,1.0,3.0,1.0,5.0,0,1
6.0,6.0,33.0,3.6,0.3,0.23,1.0,3.0,1.0,3.0,1,1
1.0,1.0,18.0,2.6,-2.1,-2.09,1.0,1.0,1.0,3.0,0,0
7.0,6.0,40.0,3.2,0.45,0.1,1.0,3.0,0.0,4.0,1,1
4.0,3.0,29.0,2.5,-0.25,-0.72,1.0,3.0,0.0,1.0,0,0
9.0,7.0,44.0,3.4,0.87,0.33,1.0,3.0,1.0,5.0,0,1
8.0,9.0,42.0,3.3,0.77,0.88,1.0,4.0,0.0,4.0,1,1
6.0,6.0,34.0,3.7,0.22,0.09,1.0,3.0,1.0,3.0,1,0
2.0,2.0,31.0,3.4,-0.86,-1.09,1.0,3.0,1.0,3.0,0,0
1.0,1.0,26.0,2.6,-1.14,-1.76,2.0,3.0,1.0,4.0,0,0
10.0,10.0,38.0,3.7,1.34,2.12,1.0,3.0,1.0,3.0,1,1
4.0,3.0,41.0,3.6,-0.42,-0.57,1.0,4.0,0.0,5.0,1,1
10.0,10.0,32.0,2.3,2.32,2.22,1.0,4.0,1.0,4.0,1,1
8.0,6.0,37.0,3.4,0.58,-0.03,1.0,4.0,1.0,2.0,1,0
5.0,6.0,36.0,2.7,0.11,0.01,1.0,4.0,0.0,1.0,0,1
8.0,6.0,31.0,3.6,0.58,0.03,1.0,3.0,0.0,3.0,1,1
3.0,5.0,42.0,3.7,-0.73,-0.16,1.0,3.0,0.0,5.0,0,1
8.0,6.0,38.0,3.7,0.68,0.25,2.0,4.0,0.0,3.0,1,1
1.0,1.0,33.0,3.3,-1.36,-1.6,1.0,3.0,1.0,6.0,0,1
10.0,10.0,32.0,3.9,1.64,1.46,1.0,3.0,1.0,3.0,1,1
3.0,5.0,39.0,2.8,-0.57,-0.24,1.0,4.0,0.0,3.0,1,1
2.0,1.0,28.0,2.4,-0.92,-1.35,1.0,2.0,0.0,3.0,0,0
3.0,2.0,25.0,3.1,-0.65,-1.15,1.0,3.0,0.0,4.0,0,1
1.0,3.0,40.0,2.6,-1.26,-0.7,1.0,2.0,1.0,4.0,0,1
1.0,4.0,22.7,2.2,-1.17,-0.3,2.0,4.0,1.0,3.0,1,0
6.0,8.0,42.0,3.4,0.35,0.78,1.0,4.0,1.0,6.0,1,1
1.0,1.0,37.0,3.8,-1.23,-1.67,1.0,3.0,0.0,5.0,0,1
5.0,6.0,36.5,2.4,-0.08,0.13,1.0,2.0,0.0,4.0,0,1
9.0,9.0,38.0,2.7,1.17,1.13,1.0,2.0,1.0,3.0,0,1
3.0,4.0,28.0,2.5,-0.52,-0.42,1.0,4.0,1.0,3.0,1,0
2.0,3.0,35.0,3.1,-1.04,-0.66,1.0,4.0,1.0,2.0,1,0
2.0,3.0,36.0,3.0,-1.11,-0.7,1.0,4.0,0.0,6.0,0,1
6.0,7.0,38.0,3.0,0.23,0.32,1.0,4.0,0.0,4.0,1,1
9.0,9.0,34.0,3.2,1.12,1.19,1.0,4.0,1.0,3.0,1,1
3.0,4.0,39.0,2.9,-0.62,-0.53,1.0,4.0,0.0,4.0,0,1
1.0,2.0,26.0,2.9,-1.31,-1.16,1.0,1.0,0.0,5.0,0,0
6.0,6.0,37.0,2.7,0.32,0.15,1.0,3.0,1.0,4.0,1,1
3.0,2.0,16.0,2.9,-0.5,-1.22,2.0,4.0,1.0,3.0,0,0
7.0,9.0,39.0,3.5,0.44,1.21,1.0,2.0,1.0,4.0,1,1
10.0,10.0,45.0,3.6,1.58,1.5,1.0,4.0,1.0,5.0,1,1
2.0,2.0,35.0,3.2,-1.14,-0.91,1.0,4.0,0.0,4.0,1,0
8.0,5.0,22.0,2.9,0.67,-0.08,1.0,2.0,0.0,1.0,0,0
1.0,2.0,41.0,2.9,-1.26,-1.07,1.0,4.0,1.0,6.0,0,0
9.0,6.0,48.0,3.4,0.91,0.17,1.0,3.0,0.0,4.0,1,1
6.0,3.0,32.0,3.0,0.2,-0.77,2.0,4.0,0.0,4.0,1,1
2.0,1.0,39.0,2.6,-1.02,-1.33,1.0,2.0,0.0,3.0,0,0
10.0,10.0,22.0,2.6,1.91,2.14,1.0,2.0,1.0,1.0,0,1
9.0,9.0,46.0,3.3,1.2,1.13,1.0,4.0,0.0,6.0,1,1
9.0,9.0,45.0,3.1,1.16,0.96,1.0,3.0,1.0,4.0,1,1
3.0,2.0,34.0,3.7,-0.66,-1.19,1.0,4.0,0.0,4.0,1,1
1.0,1.0,28.0,2.8,-1.63,-2.09,1.0,3.0,1.0,4.0,0,0
1.0,1.0,30.0,2.9,-2.74,-3.13,1.0,4.0,1.0,4.0,0,0
1.0,1.0,21.5,2.6,-2.06,-2.68,1.0,3.0,0.0,5.0,0,0
2.0,3.0,34.0,3.5,-0.79,-0.59,1.0,2.0,0.0,4.0,0,1
1.0,1.0,30.5,2.2,-1.97,-1.88,1.0,4.0,0.0,4.0,1,0
6.0,5.0,37.0,3.7,0.16,-0.21,1.0,4.0,0.0,3.0,1,1
9.0,9.0,34.5,2.8,1.09,1.28,1.0,2.0,0.0,5.0,1,1
8.0,9.0,47.0,3.3,0.83,0.87,1.0,2.0,1.0,5.0,1,1
9.0,7.0,40.0,3.1,1.08,0.26,1.0,3.0,1.0,3.0,1,1
10.0,9.0,40.0,3.8,1.3,1.04,1.0,3.0,0.0,2.0,1,1
6.0,6.0,26.0,2.6,0.2,0.04,1.0,4.0,1.0,3.0,1,1
4.0,4.0,40.0,2.9,-0.32,-0.52,1.0,4.0,1.0,5.0,1,1
2.0,1.0,37.0,2.9,-0.81,-1.68,1.0,4.0,1.0,3.0,1,1
4.0,3.0,48.0,3.4,-0.4,-0.54,1.0,4.0,1.0,6.0,1,1
3.0,3.0,28.0,2.1,-0.66,-0.82,1.0,3.0,1.0,3.0,0,0
2.0,2.0,30.0,2.8,-0.79,-1.2,1.0,5.0,1.0,3.0,1,0
2.0,1.0,37.0,3.6,-0.94,-1.52,1.0,3.0,1.0,4.0,0,1
9.0,9.0,34.0,3.1,1.28,0.93,1.0,4.0,1.0,3.0,1,1
2.0,1.0,33.0,3.1,-0.81,-1.55,1.0,3.0,0.0,4.0,0,0
5.0,4.0,31.0,2.4,-0.19,-0.45,2.0,3.0,0.0,5.0,0,0
1.0,2.0,31.0,2.6,-1.48,-1.32,1.0,5.0,1.0,4.0,0,1
7.0,8.0,40.0,3.8,0.52,0.81,1.0,4.0,1.0,4.0,1,1
7.0,5.0,45.0,3.6,0.37,-0.07,1.0,4.0,0.0,6.0,0,1
1.0,5.0,34.0,3.3,-1.56,-0.02,2.0,3.0,1.0,5.0,1,1
5.0,5.0,39.0,4.0,-0.01,-0.03,1.0,4.0,1.0,6.0,1,1
7.0,4.0,30.0,3.4,0.55,-0.44,1.0,4.0,0.0,3.0,1,0
7.0,6.0,29.0,2.7,0.51,0.04,1.0,2.0,1.0,1.0,0,1
4.0,3.0,32.0,3.7,-0.38,-0.54,1.0,2.0,0.0,5.0,0,1
3.0,2.0,38.0,3.0,-0.55,-1.28,1.0,4.0,1.0,3.0,1,0
1.0,2.0,27.0,3.2,-1.33,-1.2,1.0,2.0,0.0,2.0,0,0
8.0,7.0,31.5,2.9,0.82,0.46,1.0,4.0,1.0,3.0,1,1
6.0,8.0,36.0,2.9,0.27,0.73,1.0,3.0,0.0,3.0,1,1
6.0,5.0,29.0,3.5,0.1,-0.23,1.0,4.0,1.0,5.0,1,1
2.0,1.0,35.0,2.6,-1.05,-1.44,2.0,3.0,0.0,5.0,1,0
4.0,6.0,30.0,2.1,-0.17,0.07,2.0,3.0,0.0,3.0,0,0
6.0,2.0,24.0,3.3,0.18,-0.93,1.0,1.0,1.0,4.0,0,0
10.0,9.0,41.0,2.8,1.54,1.27,1.0,3.0,1.0,4.0,1,1
3.0,4.0,38.0,3.5,-0.65,-0.45,1.0,3.0,0.0,5.0,1,1
4.0,6.0,25.0,2.4,-0.24,-0.01,1.0,3.0,1.0,2.0,1,1
1.0,1.0,23.7,3.0,-1.62,-2.13,1.0,3.0,0.0,2.0,0,0
7.0,7.0,20.5,3.2,0.48,0.36,1.0,3.0,0.0,1.0,0,0
5.0,2.0,34.0,2.8,-0.14,-0.87,1.0,4.0,0.0,5.0,0,0
10.0,9.0,42.0,3.5,1.95,1.28,1.0,3.0,0.0,3.0,1,1
8.0,9.0,34.0,3.1,0.75,1.33,1.0,4.0,1.0,2.0,1,1
6.0,6.0,29.0,3.0,0.16,0.22,1.0,4.0,1.0,4.0,0,1
6.0,5.0,34.0,3.2,0.08,-0.22,1.0,3.0,1.0,3.0,1,1
1.0,2.0,35.0,2.8,-1.79,-0.89,2.0,4.0,1.0,5.0,1,0
2.0,3.0,20.0,3.3,-1.05,-0.83,1.0,3.0,0.0,4.0,0,0
9.0,8.0,40.0,3.1,1.23,0.54,1.0,4.0,1.0,5.0,1,1
1.0,4.0,32.0,2.5,-2.93,-0.51,1.0,5.0,1.0,1.0,0,1
4.0,5.0,36.0,2.9,-0.21,-0.04,1.0,3.0,0.0,4.0,0,0
1.0,1.0,27.0,3.3,-1.17,-1.43,1.0,4.0,0.0,2.0,1,0
4.0,3.0,30.0,2.7,-0.23,-0.87,2.0,3.0,0.0,2.0,1,0
6.0,7.0,32.0,3.1,0.19,0.34,1.0,4.0,1.0,4.0,0,1
3.0,5.0,38.0,3.0,-0.56,-0.19,1.0,5.0,1.0,6.0,0,1
1.0,1.0,40.0,2.2,-1.65,-2.15,1.0,1.0,1.0,5.0,0,0
1.0,4.0,26.0,2.7,-2.01,-0.55,1.0,3.0,1.0,3.0,0,1
3.0,5.0,32.0,3.3,-0.45,-0.03,1.0,3.0,0.0,4.0,1,1
2.0,2.0,39.3,3.7,-0.78,-1.18,1.0,4.0,0.0,4.0,1,1
2.0,3.0,33.0,2.9,-0.89,-0.55,1.0,5.0,0.0,5.0,0,1
10.0,10.0,40.0,3.1,1.31,1.53,1.0,4.0,1.0,4.0,1,1
6.0,3.0,26.5,3.0,0.09,-0.76,1.0,3.0,0.0,5.0,0,0
1.0,1.0,27.0,3.3,-1.76,-1.84,1.0,3.0,0.0,4.0,0,0
10.0,10.0,32.0,3.8,1.31,1.37,2.0,3.0,0.0,3.0,1,1
4.0,5.0,42.0,3.7,-0.38,-0.22,1.0,4.0,0.0,5.0,0,1
1.0,1.0,32.7,2.8,-2.5,-1.53,1.0,4.0,0.0,4.0,1,1
6.0,6.0,35.0,3.0,0.21,0.21,1.0,4.0,0.0,3.0,1,1
5.0,7.0,39.0,3.1,-0.06,0.29,1.0,4.0,1.0,3.0,1,1
4.0,6.0,33.0,3.4,-0.19,0.12,1.0,3.0,1.0,3.0,1,1
10.0,10.0,30.0,3.7,1.66,1.52,1.0,3.0,0.0,4.0,1,1
6.0,5.0,37.0,2.3,0.15,-0.14,1.0,3.0,1.0,2.0,0,1
6.0,5.0,27.0,3.1,0.16,-0.15,1.0,4.0,0.0,4.0,0,1
3.0,5.0,44.0,3.5,-0.6,-0.13,1.0,4.0,1.0,5.0,1,1
1.0,5.0,37.0,3.4,-1.21,-0.19,1.0,4.0,1.0,5.0,1,0
4.0,4.0,39.5,3.1,-0.23,-0.36,1.0,4.0,1.0,6.0,0,1
1.0,1.0,35.0,3.3,-1.81,-1.87,1.0,3.0,1.0,3.0,1,0
6.0,3.0,26.0,3.1,0.1,-0.66,1.0,4.0,0.0,4.0,1,0
6.0,6.0,34.0,3.4,0.22,0.22,1.0,4.0,1.0,5.0,1,1
4.0,5.0,25.7,2.8,-0.35,-0.24,1.0,3.0,0.0,3.0,1,1
1.0,4.0,34.5,3.3,-1.17,-0.55,1.0,4.0,0.0,3.0,0,1
2.0,3.0,35.0,3.0,-0.88,-0.6,1.0,4.0,0.0,3.0,1,1
6.0,4.0,36.0,3.4,0.07,-0.33,1.0,4.0,1.0,3.0,1,1
6.0,8.0,31.5,3.5,0.2,0.61,1.0,4.0,1.0,3.0,1,1
7.0,8.0,39.0,2.6,0.51,0.58,1.0,4.0,1.0,3.0,1,1
1.0,4.0,29.0,3.6,-1.73,-0.41,1.0,4.0,0.0,4.0,0,0
7.0,3.0,29.0,2.7,0.44,-0.8,1.0,2.0,1.0,2.0,0,1
1.0,1.0,36.0,3.0,-1.4,-1.34,1.0,3.0,1.0,3.0,1,0
3.0,2.0,29.0,2.7,-0.66,-1.18,1.0,3.0,0.0,4.0,0,1
4.0,5.0,34.0,3.9,-0.18,-0.18,1.0,4.0,0.0,3.0,0,1
8.0,8.0,33.0,3.5,0.86,0.58,1.0,3.0,1.0,3.0,1,1
3.0,2.0,23.0,2.9,-0.56,-1.28,1.0,3.0,0.0,1.0,0,0
4.0,2.0,39.0,3.8,-0.21,-0.88,1.0,3.0,0.0,4.0,1,1
2.0,1.0,35.0,2.4,-0.9,-1.68,1.0,4.0,0.0,6.0,0,1
6.0,8.0,20.0,2.6,0.35,0.85,1.0,3.0,0.0,1.0,0,0
5.0,7.0,34.0,3.5,0.08,0.3,1.0,4.0,0.0,4.0,1,1
2.0,1.0,31.0,3.4,-1.12,-1.9,1.0,4.0,0.0,5.0,0,1
1.0,2.0,29.0,3.0,-1.71,-1.32,1.0,2.0,0.0,4.0,0,0
6.0,6.0,40.0,3.6,0.28,0.03,1.0,4.0,1.0,3.0,1,1
2.0,2.0,45.0,3.8,-1.13,-0.99,1.0,3.0,0.0,4.0,1,1
6.0,6.0,29.0,3.1,0.29,0.15,2.0,2.0,0.0,3.0,0,1
9.0,9.0,41.0,3.6,1.28,1.17,1.0,4.0,1.0,6.0,1,1
9.0,7.0,35.0,3.5,1.11,0.34,1.0,2.0,0.0,3.0,1,1
1.0,1.0,29.0,3.3,-1.42,-1.32,1.0,4.0,0.0,2.0,1,0
6.0,6.0,32.0,3.2,0.11,0.18,1.0,3.0,0.0,5.0,0,1
3.0,1.0,27.0,3.2,-0.69,-1.82,1.0,2.0,1.0,4.0,0,1
5.0,4.0,29.0,3.0,-0.11,-0.41,1.0,4.0,1.0,4.0,0,1
8.0,8.0,42.0,3.8,0.84,0.73,1.0,3.0,0.0,4.0,1,1
5.0,3.0,34.0,3.1,-0.13,-0.74,1.0,3.0,1.0,3.0,0,1
3.0,6.0,31.0,3.2,-0.63,0.06,2.0,3.0,1.0,3.0,1,1
1.0,1.0,29.0,2.4,-2.26,-1.98,1.0,3.0,1.0,3.0,0,0
2.0,2.0,34.0,3.2,-1.09,-0.96,1.0,4.0,0.0,5.0,0,0
3.0,1.0,35.5,3.4,-0.54,-2.27,1.0,3.0,1.0,5.0,0,0
4.0,2.0,33.5,2.8,-0.22,-1.03,1.0,4.0,1.0,4.0,0,0
1.0,1.0,22.0,3.3,-1.63,-1.94,2.0,4.0,0.0,4.0,0,0
1.0,1.0,24.0,2.6,-1.6,-1.77,1.0,3.0,0.0,4.0,0,0
1.0,2.0,31.0,2.6,-1.26,-1.13,2.0,3.0,1.0,5.0,0,0
7.0,5.0,28.0,3.5,0.48,-0.04,1.0,2.0,0.0,1.0,0,0
2.0,3.0,30.0,3.4,-1.07,-0.87,1.0,4.0,0.0,4.0,1,1
1.0,1.0,33.0,3.8,-2.28,-2.15,1.0,4.0,1.0,4.0,0,0
2.0,3.0,25.0,3.3,-0.75,-0.66,1.0,4.0,0.0,3.0,0,1
4.0,5.0,33.0,2.3,-0.18,-0.23,1.0,2.0,0.0,3.0,0,1
1.0,2.0,32.0,3.8,-1.57,-1.0,1.0,3.0,0.0,2.0,0,0
3.0,1.0,30.0,2.7,-0.52,-1.47,2.0,3.0,0.0,5.0,0,0
6.0,5.0,39.5,3.1,0.33,-0.14,1.0,5.0,1.0,4.0,1,1
4.0,3.0,39.0,3.2,-0.23,-0.58,1.0,4.0,0.0,3.0,0,1
6.0,8.0,38.0,3.5,0.2,0.7,2.0,4.0,0.0,5.0,1,1
2.0,3.0,20.0,3.1,-0.77,-0.68,1.0,3.0,0.0,1.0,0,0
1.0,1.0,29.0,3.0,-1.3,-1.77,1.0,2.0,0.0,5.0,0,0
1.0,1.0,32.0,3.2,-1.48,-1.65,1.0,4.0,0.0,3.0,1,0
2.0,3.0,25.0,3.7,-0.76,-0.68,1.0,4.0,0.0,3.0,0,0
2.0,2.0,25.0,3.2,-0.88,-1.17,1.0,3.0,0.0,4.0,0,1
9.0,10.0,34.5,3.4,1.16,1.33,1.0,4.0,0.0,5.0,1,1
1.0,2.0,30.0,2.5,-1.72,-1.21,1.0,3.0,0.0,3.0,0,0
3.0,3.0,31.5,2.2,-0.51,-0.57,1.0,2.0,1.0,4.0,0,0
3.0,3.0,34.0,2.7,-0.65,-0.82,2.0,4.0,1.0,4.0,0,0
9.0,8.0,28.0,3.3,1.16,0.54,1.0,2.0,1.0,1.0,1,0
9.0,10.0,36.0,3.0,1.15,1.43,1.0,4.0,1.0,5.0,1,1
4.0,3.0,45.0,2.9,-0.39,-0.84,1.0,5.0,1.0,4.0,1,1
1.0,1.0,32.0,3.3,-1.29,-1.34,1.0,4.0,1.0,3.0,1,1
10.0,9.0,37.0,3.0,1.47,0.95,1.0,3.0,0.0,3.0,1,1
5.0,7.0,45.0,3.6,-0.06,0.37,1.0,5.0,0.0,6.0,0,1
2.0,2.0,29.7,3.1,-0.85,-1.23,1.0,4.0,0.0,4.0,0,1
5.0,3.0,28.0,2.9,0.02,-0.76,1.0,4.0,0.0,1.0,0,1
6.0,5.0,32.0,2.2,0.2,-0.06,1.0,3.0,0.0,3.0,0,0
3.0,5.0,39.0,2.6,-0.59,-0.02,1.0,4.0,1.0,6.0,1,1
3.0,5.0,28.0,2.5,-0.52,-0.22,1.0,4.0,1.0,2.0,1,1
1.0,1.0,41.0,3.4,-1.14,-2.15,1.0,4.0,1.0,3.0,1,1
8.0,8.0,42.0,3.6,0.82,0.84,1.0,3.0,1.0,4.0,1,1
1.0,1.0,31.0,3.1,-1.75,-1.43,1.0,3.0,0.0,3.0,0,0
4.0,6.0,35.0,3.2,-0.23,0.05,1.0,4.0,1.0,3.0,1,1
1.0,1.0,36.0,2.8,-3.08,-2.63,1.0,4.0,1.0,5.0,0,0
9.0,9.0,48.0,3.5,1.11,0.84,1.0,5.0,1.0,6.0,0,1
10.0,10.0,35.0,3.4,2.08,1.61,1.0,4.0,1.0,4.0,1,1
2.0,4.0,39.0,3.3,-0.85,-0.54,2.0,3.0,0.0,3.0,1,1
2.0,1.0,30.0,2.3,-0.95,-1.38,1.0,1.0,0.0,5.0,0,0
10.0,9.0,33.0,3.8,1.52,1.28,1.0,3.0,0.0,3.0,1,1
10.0,10.0,26.7,3.0,1.82,1.91,1.0,2.0,1.0,1.0,1,1
1.0,1.0,31.0,3.4,-1.45,-1.52,1.0,3.0,1.0,4.0,1,1
8.0,9.0,36.0,3.3,0.83,1.02,1.0,3.0,1.0,4.0,1,1
1.0,2.0,32.0,2.9,-1.68,-1.28,1.0,3.0,1.0,4.0,0,0
1.0,1.0,35.0,3.2,-2.36,-2.04,1.0,4.0,0.0,3.0,1,1
10.0,10.0,34.0,3.4,1.73,1.59,1.0,3.0,1.0,3.0,1,1
1.0,1.0,35.0,2.6,-1.17,-1.52,1.0,2.0,0.0,3.0,0,1
3.0,5.0,48.0,3.6,-0.56,-0.12,1.0,3.0,1.0,6.0,1,1
8.0,8.0,41.0,3.6,0.79,0.77,1.0,4.0,0.0,4.0,1,1
1.0,1.0,26.0,2.7,-1.54,-1.53,1.0,3.0,1.0,1.0,0,0
2.0,3.0,38.0,3.1,-0.98,-0.57,1.0,4.0,1.0,6.0,1,1
7.0,1.0,41.0,3.3,0.47,-1.35,1.0,3.0,1.0,3.0,1,1
1.0,1.0,41.0,2.5,-1.6,-1.79,1.0,3.0,1.0,5.0,0,1
8.0,2.0,36.5,2.9,0.64,-0.98,1.0,3.0,0.0,3.0,0,1
7.0,9.0,41.0,2.4,0.34,1.11,2.0,2.0,1.0,3.0,0,1
5.0,3.0,39.0,1.9,-0.14,-0.56,1.0,3.0,1.0,4.0,1,1
6.0,6.0,42.0,3.8,0.19,0.09,1.0,5.0,0.0,6.0,1,1
8.0,10.0,45.0,3.3,0.64,1.45,1.0,5.0,0.0,3.0,1,1
2.0,2.0,30.0,3.3,-0.98,-1.08,1.0,3.0,0.0,5.0,0,0
1.0,3.0,17.5,3.6,-1.28,-0.81,1.0,2.0,1.0,3.0,0,1
6.0,7.0,44.0,3.5,0.32,0.36,1.0,5.0,1.0,4.0,1,0
1.0,1.0,38.0,2.6,-1.4,-1.6,1.0,3.0,0.0,3.0,1,1
5.0,5.0,34.0,3.5,-0.16,-0.21,1.0,3.0,0.0,4.0,1,1
6.0,6.0,29.5,2.8,0.24,0.11,1.0,4.0,1.0,3.0,1,1
9.0,7.0,38.0,3.4,1.15,0.34,1.0,4.0,1.0,4.0,1,1
4.0,3.0,39.0,2.7,-0.22,-0.6,1.0,3.0,0.0,5.0,1,1
2.0,1.0,32.5,2.9,-1.04,-1.84,1.0,3.0,1.0,2.0,0,0
10.0,10.0,48.0,3.5,2.41,2.48,1.0,4.0,0.0,4.0,0,1
2.0,4.0,32.0,3.8,-0.8,-0.52,1.0,3.0,0.0,3.0,0,0
2.0,2.0,32.0,3.0,-0.81,-1.04,1.0,2.0,1.0,4.0,0,0
1.0,1.0,32.0,3.3,-3.04,-1.96,1.0,4.0,0.0,6.0,0,1
5.0,8.0,43.0,3.0,0.06,0.78,1.0,5.0,1.0,4.0,1,1
1.0,1.0,25.0,2.6,-1.64,-2.53,1.0,2.0,1.0,5.0,0,0
1.0,2.0,39.0,2.9,-1.41,-1.08,1.0,4.0,1.0,3.0,1,0
1.0,1.0,31.0,3.1,-1.72,-1.34,1.0,4.0,0.0,3.0,0,0
3.0,1.0,29.0,3.4,-0.63,-1.38,1.0,1.0,0.0,4.0,0,0
2.0,2.0,42.0,3.7,-1.07,-1.07,1.0,3.0,1.0,6.0,0,0
3.0,2.0,44.0,3.9,-0.61,-0.89,1.0,3.0,0.0,5.0,1,1
1.0,1.0,31.0,3.2,-1.18,-1.87,1.0,4.0,1.0,3.0,1,0
7.0,9.0,43.0,3.7,0.6,0.97,1.0,5.0,1.0,6.0,1,1
5.0,6.0,45.0,3.6,-0.11,0.2,1.0,3.0,1.0,5.0,0,1
1.0,1.0,25.0,3.6,-2.16,-1.66,1.0,3.0,1.0,4.0,0,0
7.0,6.0,38.0,3.6,0.4,-0.01,1.0,4.0,1.0,3.0,1,1
6.0,3.0,36.0,2.7,0.07,-0.72,1.0,3.0,1.0,3.0,1,1
1.0,1.0,40.0,3.1,-1.31,-1.42,1.0,4.0,0.0,4.0,0,0
8.0,8.0,39.0,2.8,0.61,0.83,1.0,2.0,0.0,3.0,1,1
1.0,1.0,28.0,2.5,-2.43,-2.33,1.0,2.0,0.0,3.0,0,1
1.0,3.0,40.0,3.7,-1.26,-0.64,1.0,3.0,0.0,5.0,0,1
7.0,4.0,37.0,2.8,0.34,-0.37,1.0,3.0,0.0,4.0,1,1
9.0,10.0,42.0,3.8,1.11,1.38,1.0,3.0,1.0,3.0,1,1
1.0,1.0,31.0,2.7,-2.55,-1.33,1.0,3.0,0.0,5.0,0,1
1.0,2.0,29.0,3.8,-1.57,-1.12,1.0,3.0,0.0,4.0,0,0
6.0,5.0,31.0,2.2,0.14,-0.23,1.0,4.0,1.0,3.0,0,1
1.0,1.0,26.0,2.1,-1.28,-1.68,2.0,3.0,1.0,3.0,0,0
6.0,7.0,39.0,2.9,0.17,0.44,1.0,3.0,1.0,5.0,0,1
7.0,4.0,42.0,3.6,0.41,-0.35,1.0,5.0,1.0,5.0,1,1
2.0,2.0,39.0,2.9,-0.87,-1.08,1.0,3.0,0.0,5.0,0,0
1.0,1.0,21.0,2.3,-1.8,-1.98,1.0,2.0,1.0,3.0,0,0
1.0,2.0,28.0,3.1,-1.13,-1.09,1.0,2.0,0.0,3.0,0,1
6.0,4.0,41.0,3.6,0.16,-0.35,1.0,4.0,1.0,5.0,0,1
2.0,3.0,40.0,3.1,-0.8,-0.79,1.0,4.0,0.0,5.0,1,1
8.0,5.0,33.0,2.9,0.74,-0.17,1.0,4.0,1.0,2.0,1,0
8.0,9.0,41.0,3.5,0.81,0.95,1.0,3.0,0.0,4.0,1,1
8.0,9.0,40.0,2.9,0.6,0.9,1.0,4.0,0.0,3.0,1,1
5.0,6.0,34.0,2.2,-0.12,0.1,1.0,3.0,1.0,2.0,1,1
3.0,4.0,42.0,3.6,-0.64,-0.31,1.0,4.0,0.0,4.0,1,1
4.0,4.0,42.0,3.7,-0.26,-0.28,1.0,4.0,1.0,6.0,0,1
7.0,7.0,36.0,3.7,0.33,0.3,1.0,2.0,1.0,4.0,1,1
6.0,4.0,38.0,2.9,0.15,-0.4,1.0,4.0,0.0,3.0,0,1
7.0,5.0,35.0,3.4,0.47,-0.04,1.0,4.0,1.0,3.0,1,1
3.0,1.0,20.0,3.0,-0.69,-1.77,1.0,1.0,0.0,3.0,0,1
7.0,8.0,37.0,3.6,0.46,0.75,1.0,4.0,0.0,3.0,1,1
10.0,10.0,39.0,3.5,1.44,2.54,1.0,4.0,0.0,3.0,1,1
6.0,2.0,18.0,2.7,0.28,-1.25,1.0,3.0,1.0,1.0,0,1
2.0,2.0,37.0,3.5,-0.7,-0.91,1.0,2.0,1.0,3.0,1,1
4.0,3.0,31.0,3.6,-0.42,-0.79,1.0,2.0,0.0,4.0,0,1
3.0,2.0,31.0,2.1,-0.66,-0.99,1.0,4.0,1.0,4.0,1,1
1.0,1.0,29.0,2.6,-2.33,-1.53,1.0,4.0,1.0,4.0,0,0
7.0,8.0,32.0,3.1,0.53,0.74,1.0,4.0,1.0,2.0,1,0
1.0,1.0,41.0,2.4,-1.65,-1.73,1.0,1.0,0.0,6.0,0,0
10.0,10.0,42.5,3.2,2.35,2.11,1.0,4.0,1.0,3.0,1,1
1.0,1.0,21.0,2.9,-1.78,-3.14,1.0,4.0,1.0,4.0,0,0
3.0,3.0,38.0,3.4,-0.56,-0.58,1.0,2.0,1.0,5.0,1,1
3.0,5.0,33.0,3.4,-0.65,-0.25,1.0,3.0,0.0,2.0,1,1
4.0,7.0,36.0,3.3,-0.39,0.42,2.0,3.0,0.0,3.0,1,1
5.0,5.0,31.0,3.2,-0.1,-0.14,1.0,3.0,1.0,2.0,1,0
2.0,1.0,23.0,3.8,-1.07,-1.54,2.0,3.0,1.0,5.0,0,0
2.0,4.0,39.0,3.6,-0.8,-0.4,2.0,3.0,0.0,4.0,1,1
7.0,9.0,43.0,2.7,0.41,0.98,1.0,4.0,1.0,5.0,0,1
1.0,1.0,26.0,2.3,-1.31,-1.98,1.0,4.0,0.0,2.0,0,0
5.0,5.0,24.0,3.3,-0.03,-0.02,1.0,1.0,1.0,4.0,0,1
9.0,8.0,42.0,3.4,1.29,0.63,1.0,3.0,1.0,3.0,1,1
8.0,9.0,44.0,3.0,0.75,0.91,1.0,5.0,1.0,3.0,1,1
8.0,8.0,43.0,3.1,0.64,0.76,1.0,4.0,1.0,4.0,1,1
2.0,2.0,34.0,3.8,-0.87,-0.95,1.0,4.0,1.0,4.0,1,1
7.0,6.0,47.0,2.8,0.34,0.21,1.0,3.0,1.0,4.0,0,1
3.0,3.0,37.0,3.1,-0.59,-0.83,1.0,4.0,0.0,3.0,1,1
2.0,1.0,35.0,2.6,-0.94,-1.37,1.0,3.0,0.0,4.0,0,1
5.0,7.0,31.5,3.7,0.08,0.31,1.0,4.0,1.0,4.0,1,1
7.0,6.0,39.0,2.5,0.36,0.05,1.0,2.0,1.0,6.0,0,1
3.0,3.0,35.0,3.2,-0.66,-0.75,1.0,2.0,0.0,6.0,0,1
2.0,4.0,37.0,2.6,-0.75,-0.45,1.0,5.0,0.0,3.0,1,1
1.0,3.0,41.0,2.7,-1.19,-0.66,1.0,4.0,0.0,4.0,1,0
5.0,4.0,45.0,3.9,-0.18,-0.32,1.0,3.0,1.0,5.0,1,0
1.0,1.0,44.0,2.7,-1.26,-1.35,1.0,2.0,0.0,4.0,1,0
9.0,10.0,36.5,3.8,1.08,1.6,1.0,4.0,0.0,4.0,1,1
9.0,9.0,41.0,2.9,1.06,0.96,1.0,3.0,0.0,5.0,1,1
6.0,2.0,34.0,2.9,0.05,-1.07,1.0,3.0,1.0,2.0,1,0
4.0,1.0,41.0,2.2,-0.32,-1.57,1.0,5.0,0.0,3.0,1,1
10.0,10.0,39.0,3.4,1.61,1.44,1.0,3.0,1.0,3.0,1,1
10.0,9.0,30.0,2.3,1.3,1.23,1.0,4.0,1.0,2.0,1,1
4.0,4.0,33.0,3.2,-0.42,-0.5,1.0,3.0,1.0,5.0,1,1
4.0,3.0,37.0,3.2,-0.4,-0.82,1.0,3.0,0.0,3.0,1,1
3.0,3.0,47.0,3.7,-0.55,-0.76,1.0,3.0,0.0,6.0,1,1
5.0,6.0,43.0,3.8,0.03,0.03,1.0,5.0,0.0,4.0,1,1
2.0,3.0,28.0,3.2,-0.83,-0.78,1.0,3.0,1.0,3.0,0,0
1.0,1.0,35.5,3.0,-1.73,-1.91,1.0,3.0,0.0,3.0,0,1
10.0,10.0,38.0,4.0,1.7,1.92,1.0,3.0,0.0,5.0,1,1
7.0,8.0,30.0,3.3,0.48,0.55,1.0,4.0,1.0,2.0,1,1
1.0,1.0,29.0,3.1,-2.01,-2.22,1.0,3.0,0.0,4.0,0,0
6.0,6.0,27.0,2.8,0.14,0.06,1.0,5.0,1.0,3.0,0,1
5.0,7.0,39.0,3.7,0.02,0.28,1.0,3.0,0.0,3.0,1,1
4.0,4.0,37.0,3.0,-0.29,-0.46,1.0,4.0,1.0,3.0,1,1
9.0,9.0,44.0,3.4,1.06,0.88,1.0,4.0,1.0,4.0,1,1
6.0,8.0,42.0,3.8,0.19,0.6,1.0,2.0,0.0,5.0,0,1
8.0,5.0,35.0,3.0,0.78,-0.16,1.0,4.0,1.0,5.0,0,1
1.0,3.0,36.0,3.5,-1.21,-0.72,1.0,2.0,1.0,1.0,1,1
3.0,4.0,35.0,2.8,-0.52,-0.36,1.0,2.0,1.0,1.0,0,0
5.0,6.0,35.0,3.7,-0.07,0.15,1.0,5.0,1.0,4.0,1,1
1.0,3.0,36.0,3.3,-1.52,-0.76,1.0,3.0,0.0,5.0,0,1
5.0,4.0,35.5,3.3,0.03,-0.36,2.0,3.0,1.0,3.0,1,0
5.0,6.0,31.0,3.2,-0.12,0.22,1.0,2.0,0.0,3.0,1,1
3.0,1.0,30.0,3.4,-0.51,-1.54,1.0,3.0,0.0,3.0,1,0
6.0,3.0,36.0,3.7,0.26,-0.66,1.0,4.0,0.0,3.0,0,0
7.0,7.0,33.0,3.7,0.5,0.42,1.0,3.0,1.0,3.0,1,1
5.0,1.0,29.5,3.1,-0.12,-1.62,1.0,4.0,0.0,5.0,0,0
5.0,5.0,40.0,3.7,-0.05,-0.15,1.0,4.0,0.0,4.0,1,1
6.0,9.0,45.0,3.5,0.15,0.95,1.0,2.0,1.0,3.0,1,0
7.0,8.0,39.0,3.2,0.41,0.68,1.0,1.0,0.0,3.0,1,1
8.0,8.0,41.0,3.9,0.89,0.78,1.0,3.0,0.0,4.0,1,1
9.0,9.0,45.5,3.9,1.23,1.01,1.0,4.0,1.0,6.0,1,1
7.0,6.0,33.0,3.8,0.39,0.26,1.0,4.0,1.0,4.0,1,0
1.0,1.0,27.0,2.9,-1.18,-1.35,1.0,3.0,0.0,1.0,1,0
10.0,10.0,45.0,3.4,1.64,1.9,1.0,3.0,1.0,5.0,1,1
9.0,9.0,44.0,3.3,1.06,1.22,1.0,3.0,0.0,4.0,0,1
7.0,7.0,38.0,2.7,0.55,0.34,1.0,4.0,1.0,2.0,1,1
