decile1b,decile3,lsat,ugpa,zfygpa,zgpa,fulltime,fam_inc,male,tier,SensitiveAttr,Label
4.0,3.0,33.0,3.7,-0.33,-0.54,1.0,3.0,0.0,4.0,1,1
3.0,5.0,28.0,2.5,-0.52,-0.22,1.0,4.0,1.0,2.0,1,1
7.0,8.0,35.0,3.7,0.45,0.59,1.0,4.0,1.0,4.0,1,1
2.0,2.0,44.0,3.9,-1.08,-1.03,1.0,3.0,1.0,6.0,1,1
3.0,6.0,35.5,3.1,-0.48,0.11,2.0,3.0,0.0,5.0,1,1
9.0,8.0,38.0,2.7,1.1,0.86,1.0,4.0,0.0,3.0,1,1
6.0,6.0,26.7,3.2,0.2,0.0,2.0,4.0,0.0,3.0,1,1
6.0,6.0,47.0,3.7,0.1,0.24,1.0,2.0,1.0,5.0,1,1
2.0,1.0,32.0,3.3,-1.01,-1.64,1.0,2.0,1.0,6.0,0,0
5.0,4.0,48.0,3.5,-0.15,-0.4,1.0,4.0,1.0,5.0,1,1
7.0,7.0,39.0,3.4,0.49,0.39,1.0,4.0,1.0,5.0,1,1
1.0,2.0,36.5,3.4,-1.43,-0.9,1.0,1.0,0.0,4.0,1,1
5.0,5.0,34.0,2.9,-0.03,-0.26,1.0,4.0,0.0,2.0,1,1
7.0,4.0,23.0,3.9,0.44,-0.54,1.0,3.0,0.0,2.0,1,1
4.0,3.0,34.0,3.0,-0.32,-0.87,1.0,4.0,0.0,4.0,1,1
9.0,10.0,42.0,3.1,1.18,1.74,1.0,4.0,1.0,3.0,1,1
2.0,5.0,38.0,2.7,-0.98,-0.23,1.0,5.0,0.0,3.0,1,1
1.0,1.0,41.0,3.6,-1.21,-1.63,1.0,4.0,0.0,6.0,1,1
1.0,2.0,37.0,3.5,-1.32,-1.27,1.0,4.0,1.0,4.0,1,1
1.0,2.0,40.0,3.5,-1.27,-1.05,1.0,3.0,1.0,5.0,1,1
10.0,10.0,32.0,3.6,1.75,1.9,1.0,3.0,0.0,4.0,1,1
3.0,1.0,34.0,3.1,-0.65,-1.85,2.0,2.0,1.0,3.0,0,0
7.0,5.0,40.0,2.9,0.36,-0.18,2.0,3.0,1.0,3.0,1,1
9.0,7.0,35.0,3.1,0.89,0.48,2.0,2.0,1.0,5.0,1,1
7.0,6.0,36.0,3.1,0.37,0.13,1.0,3.0,1.0,3.0,1,1
2.0,1.0,30.0,2.3,-0.95,-1.38,1.0,1.0,0.0,5.0,0,0
6.0,6.0,34.5,3.1,0.2,-0.02,1.0,3.0,0.0,3.0,1,1
3.0,3.0,40.0,2.5,-0.47,-0.78,1.0,3.0,0.0,2.0,0,0
3.0,3.0,33.0,3.7,-0.53,-0.55,1.0,3.0,1.0,4.0,1,1
10.0,10.0,43.0,3.7,2.43,2.49,1.0,5.0,1.0,5.0,1,1
5.0,6.0,38.0,3.2,0.01,0.25,2.0,4.0,0.0,3.0,1,1
10.0,10.0,32.5,3.4,1.81,2.45,1.0,4.0,0.0,3.0,1,1
4.0,6.0,36.0,3.7,-0.35,0.1,1.0,4.0,1.0,6.0,1,1
7.0,6.0,41.0,2.9,0.37,0.26,1.0,3.0,1.0,3.0,1,1
9.0,9.0,33.0,3.2,1.01,1.27,1.0,4.0,0.0,1.0,1,1
9.0,9.0,47.0,3.7,1.16,0.86,1.0,3.0,0.0,6.0,1,1
2.0,2.0,42.0,3.0,-0.92,-1.24,1.0,4.0,0.0,4.0,0,0
8.0,8.0,39.0,3.5,0.83,0.59,1.0,5.0,1.0,6.0,1,1
1.0,1.0,27.0,2.9,-1.28,-1.88,1.0,3.0,1.0,5.0,0,1
3.0,2.0,30.7,2.8,-0.43,-0.94,2.0,3.0,1.0,3.0,1,1
1.0,2.0,31.0,2.9,-1.38,-1.16,1.0,4.0,1.0,5.0,0,0
8.0,8.0,37.0,2.7,0.76,0.81,1.0,5.0,1.0,4.0,1,1
6.0,5.0,35.0,2.4,0.04,-0.16,1.0,4.0,1.0,2.0,1,1
3.0,4.0,20.0,3.3,-0.71,-0.52,2.0,1.0,0.0,2.0,0,0
7.0,8.0,36.0,2.9,0.35,0.8,2.0,3.0,1.0,4.0,1,1
6.0,6.0,38.0,3.3,0.12,0.16,1.0,4.0,1.0,3.0,1,1
10.0,9.0,40.0,3.6,1.81,1.24,1.0,4.0,0.0,4.0,1,1
4.0,6.0,40.0,3.5,-0.21,0.1,1.0,4.0,1.0,3.0,1,1
8.0,7.0,36.0,3.6,0.69,0.36,1.0,5.0,1.0,4.0,1,1
5.0,5.0,37.5,3.4,-0.1,-0.17,1.0,3.0,0.0,5.0,1,1
5.0,6.0,35.0,3.8,-0.1,0.25,1.0,2.0,1.0,3.0,1,1
3.0,2.0,39.0,3.2,-0.72,-1.27,1.0,2.0,0.0,4.0,1,1
10.0,10.0,39.0,2.6,1.42,1.59,1.0,4.0,1.0,3.0,1,1
4.0,3.0,33.0,2.4,-0.27,-0.86,1.0,4.0,0.0,3.0,1,1
6.0,6.0,36.0,3.5,0.21,0.24,1.0,4.0,0.0,4.0,1,1
4.0,6.0,42.0,3.6,-0.22,0.13,1.0,4.0,1.0,5.0,1,1
5.0,5.0,39.0,2.0,-0.15,-0.23,1.0,4.0,1.0,3.0,1,1
5.0,5.0,38.0,3.2,-0.07,-0.25,1.0,4.0,1.0,3.0,1,1
9.0,7.0,30.0,2.5,1.04,0.39,1.0,4.0,1.0,2.0,1,1
7.0,10.0,40.0,3.7,0.33,1.31,1.0,2.0,0.0,5.0,1,1
6.0,8.0,38.0,2.9,0.21,0.63,1.0,3.0,1.0,4.0,1,1
7.0,8.0,45.0,3.8,0.31,0.85,1.0,4.0,1.0,5.0,1,1
7.0,6.0,42.0,3.7,0.54,0.13,1.0,3.0,0.0,4.0,1,1
5.0,1.0,38.0,3.0,-0.09,-1.52,1.0,2.0,1.0,4.0,1,1
6.0,8.0,34.0,3.6,0.27,0.81,1.0,3.0,1.0,3.0,1,1
6.0,5.0,40.5,2.9,0.13,-0.22,1.0,3.0,1.0,5.0,1,1
2.0,2.0,40.0,3.5,-0.92,-0.93,1.0,5.0,1.0,5.0,1,1
6.0,5.0,37.0,3.5,0.1,-0.18,1.0,4.0,1.0,3.0,1,1
1.0,1.0,25.0,2.7,-2.08,-2.27,1.0,1.0,1.0,4.0,0,0
8.0,9.0,47.0,3.3,0.83,0.87,1.0,2.0,1.0,5.0,1,1
6.0,3.0,39.0,2.8,0.27,-0.78,1.0,4.0,1.0,3.0,1,1
3.0,2.0,38.5,3.0,-0.73,-0.99,1.0,5.0,0.0,4.0,1,1
3.0,2.0,32.0,2.1,-0.53,-1.26,1.0,2.0,1.0,3.0,0,0
9.0,9.0,37.0,3.6,0.91,1.14,1.0,3.0,1.0,4.0,1,1
6.0,6.0,48.0,3.4,0.33,0.22,1.0,4.0,1.0,6.0,1,1
6.0,8.0,37.0,3.2,0.2,0.64,1.0,4.0,1.0,5.0,1,1
1.0,2.0,37.0,3.4,-1.2,-0.86,1.0,3.0,1.0,5.0,1,1
3.0,2.0,34.0,3.7,-0.66,-1.19,1.0,4.0,0.0,4.0,1,1
1.0,1.0,22.5,3.0,-1.95,-2.65,1.0,2.0,0.0,5.0,0,0
7.0,6.0,40.0,2.9,0.47,0.24,1.0,4.0,1.0,3.0,1,1
1.0,1.0,22.0,2.8,-2.06,-1.75,2.0,2.0,1.0,3.0,0,0
5.0,6.0,38.0,3.9,-0.16,0.17,1.0,4.0,1.0,4.0,1,1
1.0,1.0,24.7,2.1,-1.82,-2.53,1.0,5.0,1.0,3.0,0,0
7.0,8.0,40.0,3.1,0.53,0.67,1.0,2.0,1.0,3.0,1,1
5.0,4.0,37.0,3.4,-0.02,-0.32,1.0,4.0,1.0,5.0,1,1
5.0,5.0,38.0,3.3,-0.1,-0.16,1.0,3.0,0.0,5.0,1,1
6.0,5.0,33.0,2.0,0.3,-0.05,1.0,3.0,1.0,3.0,1,1
4.0,5.0,39.0,3.1,-0.25,-0.12,1.0,4.0,0.0,3.0,1,1
2.0,2.0,33.0,2.9,-0.79,-1.29,1.0,4.0,1.0,3.0,1,1
5.0,6.0,38.0,3.5,-0.07,0.13,1.0,4.0,0.0,3.0,1,1
3.0,2.0,45.0,3.9,-0.78,-0.88,1.0,4.0,1.0,6.0,1,1
1.0,2.0,29.0,3.3,-1.34,-1.27,1.0,3.0,0.0,5.0,0,0
7.0,7.0,43.0,3.7,0.55,0.3,1.0,3.0,0.0,6.0,1,1
2.0,3.0,27.0,2.4,-1.11,-0.88,2.0,4.0,1.0,3.0,1,0
9.0,10.0,42.0,3.8,1.11,1.38,1.0,3.0,1.0,3.0,1,1
10.0,10.0,46.0,3.9,1.76,1.24,1.0,3.0,0.0,6.0,1,1
1.0,1.0,16.0,3.1,-2.45,-1.83,1.0,4.0,0.0,3.0,0,0
2.0,1.0,37.0,2.9,-0.87,-1.59,1.0,5.0,0.0,3.0,1,1
5.0,4.0,41.0,3.2,-0.13,-0.42,1.0,5.0,1.0,3.0,1,1
9.0,9.0,38.0,3.0,1.1,0.98,2.0,4.0,0.0,5.0,1,1
2.0,1.0,32.5,2.9,-1.04,-1.84,1.0,3.0,1.0,2.0,0,0
3.0,4.0,35.0,3.8,-0.65,-0.32,1.0,4.0,1.0,4.0,1,1
6.0,4.0,40.0,3.0,0.12,-0.33,1.0,4.0,1.0,3.0,1,1
4.0,4.0,21.5,3.2,-0.27,-0.51,1.0,4.0,1.0,3.0,1,1
7.0,6.0,40.0,3.7,0.42,0.13,1.0,3.0,0.0,4.0,1,1
1.0,1.0,36.0,3.4,-1.73,-2.08,1.0,2.0,0.0,4.0,0,0
10.0,9.0,44.0,2.9,1.68,1.01,2.0,3.0,0.0,3.0,1,1
1.0,1.0,40.0,3.2,-1.16,-1.39,1.0,4.0,0.0,3.0,1,1
9.0,7.0,43.0,3.3,1.2,0.34,1.0,4.0,0.0,4.0,1,1
3.0,2.0,36.0,2.9,-0.42,-0.9,1.0,3.0,1.0,3.0,1,1
6.0,5.0,38.0,3.5,0.19,-0.26,1.0,2.0,1.0,3.0,1,1
6.0,7.0,34.0,3.4,0.06,0.36,1.0,4.0,0.0,3.0,1,1
5.0,6.0,38.0,3.3,-0.07,0.22,1.0,3.0,0.0,3.0,1,1
2.0,3.0,37.0,2.4,-1.1,-0.73,1.0,3.0,0.0,3.0,1,1
4.0,5.0,41.0,3.4,-0.38,-0.19,1.0,4.0,0.0,3.0,1,1
6.0,7.0,38.0,3.2,0.26,0.36,2.0,3.0,1.0,3.0,1,1
2.0,3.0,30.5,2.5,-1.02,-0.82,1.0,5.0,1.0,3.0,1,1
8.0,8.0,38.0,3.5,0.81,0.61,1.0,3.0,0.0,4.0,1,1
5.0,6.0,37.0,3.4,-0.07,0.04,1.0,5.0,0.0,4.0,1,1
3.0,4.0,35.0,3.7,-0.74,-0.27,1.0,3.0,0.0,5.0,1,1
8.0,7.0,38.0,4.0,0.65,0.27,1.0,2.0,1.0,3.0,1,1
6.0,4.0,35.5,3.0,0.08,-0.48,1.0,4.0,1.0,5.0,1,1
7.0,8.0,31.0,3.3,0.37,0.83,1.0,2.0,1.0,5.0,0,1
4.0,5.0,40.0,3.0,-0.24,-0.14,1.0,3.0,1.0,4.0,1,1
9.0,9.0,36.0,3.7,1.14,0.89,2.0,4.0,1.0,3.0,1,1
6.0,6.0,43.0,2.9,0.16,0.24,1.0,4.0,1.0,4.0,1,1
4.0,2.0,37.0,3.4,-0.22,-0.92,1.0,4.0,0.0,3.0,1,1
7.0,7.0,38.0,3.3,0.36,0.37,1.0,2.0,0.0,4.0,1,1
9.0,10.0,46.0,3.7,1.23,1.43,1.0,3.0,1.0,4.0,1,1
2.0,3.0,32.0,3.3,-0.75,-0.76,1.0,3.0,1.0,3.0,1,1
7.0,7.0,39.0,2.6,0.29,0.38,1.0,5.0,1.0,2.0,1,1
3.0,2.0,36.0,3.1,-0.49,-0.91,1.0,2.0,1.0,6.0,0,1
10.0,10.0,40.0,3.2,1.64,1.58,1.0,2.0,0.0,4.0,1,1
1.0,1.0,30.5,3.1,-1.19,-1.54,1.0,4.0,0.0,3.0,1,1
6.0,7.0,37.0,3.4,0.32,0.3,1.0,4.0,0.0,4.0,1,1
7.0,6.0,39.5,3.1,0.33,0.23,1.0,5.0,1.0,5.0,1,1
8.0,8.0,34.0,3.1,0.69,0.74,1.0,4.0,1.0,4.0,1,1
9.0,9.0,34.0,3.5,1.01,1.0,1.0,5.0,0.0,3.0,1,1
5.0,4.0,28.0,2.7,-0.07,-0.27,2.0,3.0,0.0,5.0,0,1
1.0,1.0,36.0,3.5,-1.47,-1.75,1.0,3.0,1.0,2.0,1,1
2.0,4.0,39.0,3.5,-0.71,-0.49,1.0,4.0,0.0,3.0,1,1
8.0,6.0,42.0,3.2,0.63,0.01,1.0,4.0,0.0,4.0,1,1
9.0,9.0,28.5,3.6,1.04,1.07,1.0,2.0,0.0,3.0,1,1
7.0,3.0,32.0,3.0,0.39,-0.77,1.0,3.0,0.0,3.0,1,1
3.0,3.0,26.5,2.8,-0.67,-0.69,2.0,2.0,1.0,5.0,1,1
6.0,7.0,34.0,3.2,0.23,0.42,1.0,5.0,0.0,5.0,1,1
6.0,6.0,37.0,2.6,0.11,0.01,2.0,3.0,1.0,3.0,0,0
10.0,10.0,40.0,3.4,1.32,1.88,1.0,4.0,0.0,4.0,1,1
7.0,6.0,40.0,2.9,0.43,0.17,1.0,5.0,1.0,3.0,1,1
7.0,9.0,40.0,3.9,0.43,1.05,1.0,4.0,1.0,4.0,1,1
10.0,10.0,33.0,3.6,2.39,2.42,1.0,3.0,1.0,3.0,1,1
4.0,6.0,33.0,3.0,-0.26,0.13,1.0,4.0,0.0,3.0,1,1
1.0,2.0,29.5,2.3,-1.24,-0.97,1.0,4.0,0.0,1.0,0,0
4.0,7.0,43.0,3.2,-0.29,0.32,1.0,4.0,1.0,3.0,1,1
1.0,2.0,36.0,3.0,-1.19,-0.97,1.0,5.0,1.0,3.0,1,1
7.0,7.0,33.0,3.0,0.47,0.28,1.0,4.0,1.0,3.0,1,1
6.0,8.0,35.0,3.1,0.12,0.62,1.0,4.0,0.0,5.0,1,1
2.0,4.0,45.0,3.4,-0.88,-0.41,2.0,2.0,1.0,4.0,1,1
8.0,9.0,29.0,3.2,0.58,1.0,1.0,4.0,1.0,2.0,1,1
2.0,1.0,24.5,3.6,-0.84,-1.44,1.0,3.0,1.0,3.0,1,1
3.0,5.0,43.0,3.4,-0.7,-0.11,1.0,4.0,1.0,5.0,1,1
5.0,2.0,42.0,2.4,-0.13,-0.95,1.0,3.0,1.0,3.0,1,1
8.0,8.0,37.0,2.9,0.62,0.59,1.0,3.0,0.0,4.0,1,1
10.0,7.0,38.0,2.9,1.68,0.36,1.0,4.0,1.0,3.0,1,1
2.0,2.0,38.0,3.4,-1.04,-0.98,1.0,3.0,0.0,4.0,1,1
7.0,5.0,46.0,3.4,0.41,-0.11,1.0,4.0,1.0,6.0,1,1
4.0,3.0,40.0,3.6,-0.3,-0.77,1.0,2.0,1.0,4.0,1,1
7.0,9.0,29.0,3.8,0.28,1.03,1.0,3.0,1.0,2.0,1,1
1.0,6.0,39.5,3.5,-1.28,0.07,1.0,4.0,0.0,6.0,1,1
3.0,1.0,22.5,3.1,-0.65,-1.97,1.0,3.0,1.0,5.0,0,0
3.0,4.0,38.0,3.3,-0.5,-0.52,1.0,4.0,1.0,4.0,1,1
10.0,10.0,42.0,3.9,1.95,1.95,2.0,3.0,1.0,4.0,1,1
2.0,3.0,44.0,3.5,-0.78,-0.67,1.0,4.0,0.0,4.0,1,1
7.0,8.0,42.0,2.9,0.5,0.73,1.0,2.0,1.0,3.0,1,1
1.0,1.0,39.5,3.4,-1.3,-1.43,1.0,5.0,0.0,5.0,1,1
8.0,8.0,33.0,3.5,0.81,0.66,1.0,4.0,1.0,4.0,1,1
6.0,8.0,35.0,3.1,0.12,0.59,2.0,2.0,1.0,3.0,1,1
1.0,1.0,42.0,2.5,-1.62,-2.29,1.0,4.0,1.0,4.0,0,0
2.0,2.0,36.0,2.5,-0.91,-1.1,1.0,4.0,1.0,3.0,1,1
7.0,4.0,37.0,2.8,0.34,-0.37,1.0,3.0,0.0,4.0,1,1
6.0,8.0,35.0,3.4,0.09,0.71,1.0,3.0,0.0,3.0,1,1
8.0,6.0,36.0,3.3,0.57,0.04,1.0,3.0,0.0,3.0,1,1
9.0,8.0,42.0,3.4,1.08,0.75,1.0,3.0,0.0,4.0,1,1
10.0,10.0,36.0,3.7,1.9,1.96,1.0,4.0,0.0,4.0,1,1
3.0,4.0,33.0,3.5,-0.43,-0.28,2.0,4.0,0.0,4.0,1,1
9.0,8.0,44.0,3.0,0.92,0.64,1.0,4.0,1.0,3.0,1,1
7.0,9.0,43.0,3.7,0.6,0.97,1.0,5.0,1.0,6.0,1,1
4.0,2.0,43.0,3.5,-0.37,-1.06,1.0,5.0,0.0,6.0,1,1
10.0,10.0,37.0,3.1,2.18,1.53,2.0,4.0,1.0,5.0,1,1
5.0,7.0,43.0,3.4,-0.06,0.44,1.0,3.0,1.0,5.0,1,1
6.0,9.0,40.0,3.7,0.09,0.89,1.0,3.0,1.0,5.0,1,1
10.0,9.0,33.0,3.8,1.5,1.09,1.0,3.0,0.0,4.0,1,1
6.0,6.0,37.0,3.4,0.19,0.22,1.0,4.0,0.0,3.0,1,1
1.0,1.0,29.0,2.8,-1.89,-2.17,1.0,3.0,1.0,4.0,0,0
8.0,5.0,30.0,3.6,0.71,-0.14,1.0,3.0,1.0,2.0,1,1
7.0,5.0,40.0,2.8,0.5,-0.25,1.0,5.0,1.0,3.0,1,1
3.0,6.0,37.0,2.5,-0.46,0.02,1.0,4.0,0.0,3.0,1,1
7.0,8.0,39.0,3.0,0.33,0.63,1.0,5.0,0.0,3.0,1,1
7.0,6.0,36.0,2.9,0.43,0.15,1.0,3.0,1.0,5.0,1,1
10.0,10.0,46.0,3.5,2.05,1.74,1.0,4.0,1.0,6.0,1,1
1.0,2.0,27.0,3.2,-1.51,-1.2,1.0,4.0,1.0,3.0,0,0
10.0,10.0,45.0,3.5,2.22,1.96,1.0,3.0,1.0,4.0,1,1
5.0,3.0,33.0,3.6,-0.03,-0.78,2.0,4.0,0.0,3.0,1,1
4.0,6.0,41.0,3.1,-0.19,0.29,1.0,4.0,1.0,4.0,1,1
10.0,9.0,33.0,3.3,1.31,0.95,1.0,3.0,0.0,2.0,1,1
2.0,2.0,35.0,2.8,-0.85,-1.16,1.0,5.0,0.0,3.0,1,1
4.0,2.0,25.5,2.8,-0.09,-1.12,1.0,3.0,1.0,1.0,0,0
3.0,4.0,20.0,2.8,-0.48,-0.47,1.0,1.0,0.0,1.0,0,0
9.0,7.0,31.0,3.5,1.16,0.29,1.0,2.0,1.0,3.0,1,1
6.0,4.0,34.0,2.5,0.25,-0.53,1.0,4.0,1.0,3.0,1,1
2.0,7.0,37.0,3.0,-0.94,0.43,2.0,3.0,0.0,3.0,1,1
1.0,1.0,23.0,2.8,-2.23,-2.2,1.0,3.0,0.0,4.0,0,0
1.0,1.0,28.5,3.2,-1.64,-1.98,1.0,3.0,1.0,3.0,1,0
3.0,2.0,42.0,3.0,-0.45,-1.01,1.0,4.0,1.0,4.0,1,1
8.0,8.0,34.5,3.3,0.64,0.59,1.0,3.0,1.0,3.0,1,1
7.0,5.0,43.0,3.7,0.28,0.02,1.0,5.0,1.0,5.0,1,1
4.0,4.0,34.0,2.9,-0.25,-0.33,1.0,4.0,1.0,3.0,1,1
10.0,10.0,29.0,3.7,2.16,2.23,1.0,4.0,0.0,2.0,1,1
3.0,1.0,42.0,3.2,-0.73,-1.41,1.0,5.0,1.0,4.0,1,1
10.0,10.0,46.0,3.4,2.69,2.42,1.0,5.0,0.0,6.0,1,1
4.0,8.0,48.0,3.3,-0.19,0.61,1.0,4.0,0.0,3.0,1,1
5.0,5.0,29.0,3.0,-0.02,-0.2,1.0,4.0,1.0,2.0,1,1
10.0,9.0,33.0,2.1,2.17,1.05,1.0,2.0,1.0,3.0,1,1
6.0,5.0,37.0,2.9,0.28,-0.19,1.0,4.0,1.0,3.0,1,1
8.0,9.0,34.0,3.0,0.61,1.19,1.0,4.0,0.0,3.0,1,1
8.0,8.0,43.0,3.6,0.71,0.71,1.0,3.0,0.0,3.0,1,1
9.0,10.0,35.0,3.2,0.99,1.55,1.0,4.0,1.0,3.0,1,1
4.0,6.0,33.0,3.6,-0.24,0.11,2.0,4.0,0.0,4.0,1,1
1.0,1.0,29.0,3.2,-1.64,-1.31,1.0,4.0,1.0,2.0,1,1
2.0,2.0,35.5,3.1,-0.76,-1.1,1.0,3.0,0.0,5.0,0,0
4.0,5.0,35.0,3.2,-0.17,-0.06,1.0,2.0,1.0,3.0,1,1
1.0,1.0,26.0,2.3,-2.05,-1.39,2.0,3.0,1.0,3.0,0,0
5.0,4.0,31.0,2.4,-0.19,-0.45,2.0,3.0,0.0,5.0,0,0
4.0,1.0,30.0,2.9,-0.26,-1.61,1.0,2.0,1.0,5.0,0,0
9.0,8.0,40.0,2.8,0.98,0.64,1.0,4.0,0.0,3.0,1,1
10.0,10.0,42.0,2.5,1.63,1.58,1.0,4.0,1.0,4.0,1,1
10.0,10.0,39.0,3.7,1.37,1.34,1.0,4.0,1.0,5.0,1,1
10.0,10.0,35.0,3.9,1.37,1.37,1.0,4.0,1.0,4.0,1,1
4.0,5.0,37.0,3.7,-0.24,-0.16,1.0,5.0,1.0,6.0,1,1
6.0,7.0,41.0,2.8,0.19,0.28,1.0,3.0,1.0,3.0,1,1
4.0,6.0,42.0,3.2,-0.3,0.04,1.0,4.0,1.0,6.0,1,1
6.0,7.0,38.0,3.3,0.3,0.31,1.0,3.0,1.0,3.0,1,1
6.0,6.0,41.0,3.6,0.17,0.19,1.0,4.0,0.0,4.0,1,1
3.0,1.0,31.0,2.3,-0.62,-1.53,2.0,2.0,1.0,5.0,0,0
1.0,1.0,28.0,2.5,-2.18,-2.5,1.0,3.0,0.0,4.0,0,0
9.0,5.0,36.0,3.3,1.06,-0.05,2.0,3.0,0.0,3.0,1,1
10.0,10.0,36.0,2.9,1.41,1.96,1.0,4.0,1.0,3.0,1,1
8.0,8.0,35.0,3.7,0.64,0.76,1.0,3.0,0.0,3.0,1,1
6.0,3.0,38.0,3.9,0.2,-0.77,1.0,3.0,1.0,4.0,1,1
1.0,1.0,27.7,2.9,-1.83,-1.74,1.0,4.0,1.0,5.0,0,0
7.0,5.0,45.0,3.2,0.58,-0.08,1.0,3.0,1.0,4.0,1,1
5.0,5.0,38.0,3.5,0.09,-0.09,1.0,3.0,0.0,4.0,1,1
3.0,2.0,39.0,3.5,-0.62,-0.93,1.0,2.0,0.0,4.0,1,1
8.0,8.0,43.0,3.5,0.83,0.66,1.0,4.0,1.0,6.0,1,1
3.0,6.0,35.5,2.8,-0.63,0.16,1.0,3.0,1.0,2.0,1,1
4.0,1.0,31.0,2.8,-0.23,-2.15,1.0,3.0,1.0,3.0,0,0
3.0,2.0,34.0,3.4,-0.54,-1.17,1.0,3.0,0.0,5.0,0,0
1.0,1.0,28.0,2.8,-1.48,-1.59,1.0,3.0,0.0,3.0,0,0
7.0,9.0,36.0,2.9,0.45,1.14,1.0,4.0,1.0,5.0,1,1
8.0,9.0,43.0,3.0,0.6,1.22,1.0,4.0,0.0,5.0,1,1
5.0,5.0,35.0,3.3,-0.09,-0.01,1.0,4.0,1.0,4.0,1,1
10.0,4.0,44.0,3.2,2.33,-0.49,1.0,4.0,1.0,5.0,1,1
2.0,1.0,26.0,3.0,-1.02,-1.48,1.0,3.0,0.0,4.0,0,0
7.0,6.0,32.0,3.6,0.4,0.04,1.0,5.0,1.0,3.0,1,1
10.0,7.0,34.0,3.1,1.35,0.51,2.0,4.0,0.0,3.0,1,1
5.0,3.0,34.0,3.1,-0.1,-0.64,1.0,2.0,1.0,4.0,1,1
6.0,6.0,39.0,2.9,0.26,0.03,1.0,5.0,1.0,3.0,1,1
8.0,9.0,39.0,3.5,0.84,1.14,1.0,4.0,0.0,4.0,1,1
9.0,7.0,31.0,2.9,1.1,0.43,1.0,4.0,1.0,4.0,1,1
3.0,2.0,44.0,3.4,-0.51,-1.27,1.0,3.0,1.0,4.0,1,1
4.0,4.0,35.0,2.6,-0.28,-0.37,1.0,3.0,0.0,3.0,1,1
2.0,2.0,33.0,3.2,-0.82,-1.13,1.0,3.0,1.0,3.0,0,0
2.0,2.0,32.0,2.8,-1.13,-1.3,1.0,4.0,1.0,4.0,0,0
5.0,6.0,29.0,2.9,-0.05,0.05,1.0,2.0,0.0,2.0,1,1
7.0,6.0,43.0,2.9,0.47,0.06,1.0,3.0,1.0,4.0,1,1
4.0,1.0,36.0,2.7,-0.31,-1.58,1.0,3.0,1.0,5.0,0,0
5.0,4.0,27.5,2.6,-0.03,-0.43,1.0,5.0,1.0,3.0,1,1
3.0,5.0,37.0,3.4,-0.51,-0.14,1.0,3.0,0.0,5.0,1,1
1.0,1.0,22.5,3.4,-2.33,-1.52,1.0,3.0,0.0,3.0,0,0
6.0,6.0,35.0,3.8,0.13,0.1,1.0,4.0,0.0,3.0,1,1
9.0,8.0,40.0,2.5,0.87,0.68,2.0,4.0,0.0,3.0,1,1
9.0,9.0,35.0,2.8,0.87,0.9,1.0,3.0,1.0,3.0,1,1
10.0,8.0,47.0,2.8,1.32,0.77,1.0,4.0,1.0,3.0,1,1
7.0,7.0,38.0,3.0,0.52,0.49,1.0,4.0,1.0,5.0,1,1
2.0,1.0,34.0,3.1,-0.73,-1.8,1.0,3.0,0.0,3.0,0,0
4.0,3.0,42.0,3.1,-0.41,-0.59,1.0,3.0,1.0,5.0,1,1
10.0,10.0,45.0,2.9,2.06,1.84,1.0,4.0,0.0,5.0,1,1
4.0,2.0,31.5,3.7,-0.2,-0.97,2.0,4.0,1.0,4.0,1,1
8.0,8.0,45.0,3.8,0.65,0.78,1.0,3.0,1.0,6.0,1,1
10.0,10.0,48.0,3.5,1.89,1.3,1.0,4.0,1.0,4.0,1,1
3.0,3.0,35.0,3.5,-0.43,-0.55,1.0,4.0,0.0,4.0,1,1
9.0,7.0,40.0,3.5,0.93,0.46,1.0,4.0,1.0,5.0,1,1
9.0,9.0,43.0,3.0,0.89,1.03,1.0,3.0,0.0,3.0,1,1
2.0,5.0,47.0,3.6,-0.89,-0.15,1.0,4.0,1.0,6.0,1,1
4.0,2.0,26.0,3.1,-0.44,-1.26,1.0,2.0,1.0,5.0,0,0
6.0,5.0,48.0,3.3,0.27,-0.1,1.0,3.0,0.0,6.0,1,1
9.0,9.0,39.0,3.3,1.03,1.05,1.0,2.0,1.0,4.0,1,1
5.0,3.0,30.0,3.2,0.02,-0.82,1.0,1.0,1.0,2.0,1,1
4.0,4.0,32.0,3.7,-0.39,-0.44,1.0,3.0,1.0,4.0,1,1
7.0,7.0,39.0,3.5,0.36,0.52,2.0,3.0,0.0,3.0,1,1
5.0,5.0,43.0,3.4,-0.04,-0.14,1.0,4.0,0.0,4.0,1,1
5.0,6.0,39.0,3.4,-0.11,0.22,1.0,4.0,1.0,4.0,0,1
5.0,4.0,48.0,3.9,0.06,-0.4,1.0,5.0,1.0,6.0,1,1
2.0,2.0,30.0,3.3,-0.98,-1.08,1.0,3.0,0.0,5.0,0,0
2.0,2.0,19.0,3.0,-0.8,-1.09,1.0,2.0,1.0,5.0,0,0
9.0,8.0,39.0,2.2,1.18,0.65,1.0,3.0,1.0,3.0,1,1
10.0,10.0,37.0,3.3,1.57,1.78,1.0,5.0,1.0,4.0,1,1
10.0,8.0,33.0,3.6,1.37,0.75,1.0,2.0,0.0,3.0,1,1
10.0,8.0,42.0,3.2,2.18,0.64,1.0,4.0,1.0,6.0,1,1
1.0,1.0,25.0,2.5,-1.86,-2.4,1.0,1.0,1.0,5.0,0,0
6.0,5.0,37.0,2.7,0.11,-0.15,1.0,4.0,1.0,3.0,1,1
6.0,5.0,26.0,3.6,0.26,-0.21,1.0,4.0,0.0,4.0,1,1
9.0,7.0,38.0,3.4,0.89,0.41,1.0,3.0,1.0,2.0,1,1
6.0,6.0,20.0,3.2,0.27,0.03,1.0,4.0,1.0,1.0,1,1
1.0,1.0,24.0,3.1,-1.55,-1.76,1.0,4.0,0.0,3.0,0,0
7.0,6.0,37.0,3.5,0.58,0.18,1.0,3.0,0.0,6.0,1,1
4.0,4.0,42.0,3.4,-0.22,-0.45,1.0,4.0,0.0,6.0,1,1
2.0,4.0,24.0,3.3,-0.73,-0.43,1.0,3.0,0.0,3.0,0,0
1.0,1.0,28.0,2.5,-1.26,-1.9,1.0,4.0,0.0,3.0,0,0
8.0,9.0,31.0,3.1,0.8,1.19,1.0,4.0,1.0,3.0,1,1
9.0,10.0,35.0,3.2,1.1,1.33,1.0,3.0,1.0,3.0,1,1
9.0,7.0,40.5,3.2,1.13,0.54,1.0,4.0,1.0,3.0,1,1
7.0,8.0,31.0,3.0,0.33,0.61,1.0,3.0,1.0,2.0,1,1
1.0,1.0,33.5,2.9,-1.98,-1.46,1.0,4.0,1.0,3.0,1,1
10.0,9.0,42.0,3.1,1.45,1.3,1.0,5.0,1.0,3.0,1,1
4.0,7.0,30.0,3.3,-0.28,0.34,1.0,4.0,1.0,2.0,1,1
5.0,3.0,45.0,2.5,-0.13,-0.57,1.0,4.0,1.0,6.0,1,1
3.0,2.0,43.0,3.1,-0.57,-0.89,1.0,4.0,1.0,4.0,1,1
7.0,9.0,36.0,3.1,0.46,1.04,1.0,5.0,0.0,3.0,1,1
2.0,4.0,28.5,3.3,-0.74,-0.42,1.0,3.0,0.0,2.0,1,1
10.0,9.0,44.0,3.2,1.68,1.02,1.0,4.0,0.0,3.0,1,1
2.0,2.0,42.0,2.8,-1.1,-1.19,1.0,2.0,1.0,4.0,0,0
1.0,1.0,40.0,3.5,-1.57,-1.83,1.0,4.0,1.0,5.0,1,1
1.0,1.0,40.0,3.1,-2.15,-2.49,1.0,4.0,0.0,6.0,0,0
8.0,6.0,47.0,4.0,0.66,0.1,1.0,3.0,1.0,5.0,1,1
5.0,10.0,30.0,3.2,-0.05,1.33,1.0,4.0,0.0,3.0,1,1
6.0,6.0,39.0,3.8,0.15,0.21,1.0,4.0,1.0,4.0,1,1
5.0,7.0,39.0,3.1,-0.06,0.29,1.0,4.0,1.0,3.0,1,1
1.0,1.0,32.0,3.3,-1.19,-2.68,1.0,2.0,0.0,3.0,0,0
4.0,5.0,37.0,3.3,-0.21,-0.18,1.0,4.0,0.0,4.0,1,1
2.0,2.0,38.0,3.7,-0.84,-1.16,1.0,5.0,1.0,5.0,1,1
3.0,1.0,32.0,3.2,-0.69,-1.43,1.0,2.0,0.0,4.0,0,0
10.0,9.0,42.0,2.4,2.13,1.3,1.0,3.0,0.0,2.0,1,1
7.0,7.0,47.0,3.9,0.52,0.52,1.0,4.0,0.0,6.0,1,1
5.0,5.0,39.0,3.5,-0.15,-0.12,1.0,4.0,0.0,3.0,1,1
1.0,1.0,36.0,3.5,-1.12,-1.34,1.0,4.0,1.0,3.0,1,1
7.0,8.0,37.0,3.1,0.46,0.82,1.0,3.0,1.0,6.0,0,1
4.0,2.0,39.0,3.0,-0.3,-0.92,1.0,3.0,0.0,3.0,1,1
9.0,10.0,38.0,3.2,1.04,1.9,1.0,4.0,1.0,3.0,1,1
5.0,6.0,42.0,3.3,-0.08,0.18,1.0,4.0,0.0,4.0,1,1
3.0,3.0,40.0,3.0,-0.46,-0.67,1.0,3.0,0.0,4.0,1,1
2.0,3.0,31.5,3.0,-1.07,-0.62,1.0,1.0,0.0,5.0,0,0
3.0,4.0,44.0,3.5,-0.65,-0.29,1.0,4.0,0.0,5.0,1,1
9.0,9.0,33.0,3.2,1.2,1.09,1.0,4.0,0.0,2.0,1,1
8.0,8.0,36.5,3.6,0.66,0.82,1.0,2.0,1.0,5.0,1,1
7.0,7.0,45.0,3.0,0.35,0.49,1.0,3.0,1.0,4.0,1,1
6.0,4.0,46.0,2.5,0.21,-0.44,1.0,3.0,1.0,3.0,1,1
3.0,1.0,39.0,3.2,-0.67,-1.45,1.0,3.0,1.0,4.0,1,1
10.0,10.0,40.0,3.0,1.76,2.17,1.0,4.0,0.0,3.0,1,1
4.0,2.0,37.0,2.6,-0.24,-0.87,1.0,4.0,1.0,5.0,1,1
5.0,2.0,37.0,3.2,-0.17,-1.03,1.0,4.0,1.0,5.0,1,1
2.0,2.0,37.0,3.3,-0.74,-1.05,1.0,3.0,1.0,4.0,0,0
6.0,5.0,40.0,3.1,0.19,-0.11,1.0,3.0,0.0,4.0,1,1
7.0,9.0,39.0,3.6,0.54,0.99,1.0,4.0,0.0,4.0,1,1
10.0,10.0,38.5,3.9,1.62,1.37,1.0,3.0,1.0,3.0,1,1
8.0,6.0,38.0,3.3,0.86,0.23,1.0,3.0,1.0,3.0,1,1
7.0,8.0,41.0,3.3,0.48,0.83,1.0,3.0,0.0,3.0,1,1
8.0,7.0,42.0,3.2,0.65,0.43,1.0,3.0,0.0,4.0,1,1
10.0,10.0,48.0,4.0,1.91,2.51,1.0,4.0,1.0,4.0,1,1
4.0,7.0,36.0,3.0,-0.18,0.28,2.0,4.0,0.0,3.0,1,1
6.0,6.0,37.0,3.5,0.24,0.03,1.0,5.0,1.0,3.0,1,1
10.0,9.0,33.0,3.6,2.02,1.27,1.0,5.0,1.0,3.0,1,1
6.0,7.0,32.5,3.7,0.23,0.44,1.0,3.0,1.0,5.0,1,1
3.0,4.0,38.0,3.2,-0.62,-0.34,1.0,4.0,1.0,5.0,1,1
1.0,1.0,22.5,2.5,-1.35,-1.63,1.0,2.0,0.0,3.0,0,0
6.0,7.0,41.0,3.4,0.25,0.37,1.0,4.0,0.0,4.0,1,1
8.0,9.0,33.0,2.3,0.67,1.39,1.0,4.0,1.0,1.0,1,1
2.0,2.0,38.0,3.9,-1.0,-1.02,1.0,1.0,1.0,6.0,0,1
1.0,1.0,25.0,1.8,-1.72,-1.84,1.0,3.0,1.0,2.0,0,0
2.0,2.0,26.5,3.2,-0.95,-0.99,1.0,3.0,0.0,3.0,0,0
1.0,1.0,24.0,3.4,-1.49,-1.92,1.0,1.0,1.0,3.0,0,0
4.0,7.0,38.0,3.2,-0.22,0.34,1.0,1.0,0.0,3.0,1,1
3.0,4.0,38.5,3.4,-0.74,-0.38,1.0,4.0,0.0,5.0,1,1
3.0,2.0,33.0,3.3,-0.65,-0.99,1.0,3.0,0.0,4.0,0,0
10.0,9.0,39.0,2.9,1.62,1.11,1.0,3.0,1.0,3.0,1,1
8.0,9.0,34.0,3.0,0.6,0.95,1.0,4.0,0.0,2.0,1,1
2.0,2.0,30.0,3.7,-0.93,-1.1,1.0,2.0,0.0,4.0,1,1
2.0,1.0,35.0,2.9,-1.01,-2.09,1.0,3.0,1.0,3.0,1,1
4.0,3.0,37.0,2.6,-0.25,-0.75,1.0,4.0,1.0,4.0,1,1
9.0,8.0,40.0,2.7,1.05,0.86,1.0,4.0,1.0,3.0,1,1
1.0,1.0,27.0,2.6,-1.23,-1.72,2.0,1.0,0.0,4.0,0,0
1.0,2.0,37.0,3.9,-1.17,-1.11,1.0,3.0,0.0,5.0,0,0
5.0,3.0,31.0,3.9,-0.1,-0.72,1.0,4.0,1.0,4.0,1,1
10.0,10.0,39.0,3.8,1.92,2.06,1.0,4.0,1.0,5.0,1,1
3.0,1.0,20.3,2.2,-0.4,-1.91,1.0,4.0,0.0,1.0,0,0
5.0,2.0,41.0,3.9,0.04,-0.92,1.0,3.0,1.0,6.0,1,1
7.0,6.0,28.0,3.6,0.49,0.02,1.0,3.0,1.0,4.0,1,1
3.0,2.0,38.0,3.2,-0.44,-1.01,1.0,3.0,1.0,3.0,1,1
8.0,5.0,35.0,3.4,0.6,-0.06,1.0,5.0,1.0,5.0,1,1
2.0,2.0,47.0,3.6,-1.1,-0.98,1.0,2.0,0.0,6.0,1,1
10.0,10.0,40.0,3.3,2.24,2.25,1.0,5.0,1.0,5.0,1,1
10.0,8.0,41.0,2.9,1.64,0.68,2.0,4.0,1.0,3.0,1,1
7.0,8.0,35.0,3.4,0.56,0.83,1.0,4.0,0.0,3.0,1,1
4.0,4.0,30.0,3.1,-0.42,-0.47,1.0,3.0,1.0,2.0,1,1
6.0,6.0,44.0,3.5,0.3,0.15,1.0,4.0,0.0,4.0,1,1
8.0,3.0,32.0,2.5,0.59,-0.64,1.0,4.0,1.0,3.0,1,1
9.0,9.0,32.0,3.4,1.03,1.16,1.0,3.0,0.0,3.0,1,1
4.0,3.0,31.0,3.1,-0.32,-0.81,1.0,4.0,1.0,2.0,1,1
10.0,10.0,44.0,3.0,1.47,1.54,1.0,5.0,1.0,3.0,1,1
6.0,4.0,41.0,3.6,0.16,-0.35,1.0,4.0,1.0,5.0,0,1
4.0,6.0,42.0,3.0,-0.36,0.25,1.0,4.0,1.0,4.0,1,1
5.0,3.0,41.0,3.6,-0.06,-0.64,1.0,2.0,0.0,5.0,1,1
9.0,10.0,39.0,2.7,1.03,2.05,1.0,2.0,1.0,3.0,1,1
1.0,1.0,34.5,2.7,-1.27,-1.6,1.0,4.0,1.0,3.0,0,0
6.0,7.0,31.0,3.2,0.09,0.25,1.0,4.0,0.0,2.0,1,1
10.0,10.0,45.0,3.2,1.57,1.34,1.0,4.0,0.0,3.0,1,1
3.0,3.0,25.0,3.1,-0.66,-0.86,1.0,3.0,0.0,3.0,0,0
2.0,4.0,41.0,2.8,-0.79,-0.38,1.0,3.0,0.0,4.0,1,1
6.0,7.0,45.0,3.3,0.29,0.41,1.0,4.0,1.0,6.0,1,1
10.0,10.0,40.0,3.6,1.57,1.84,1.0,3.0,1.0,3.0,1,1
10.0,10.0,38.0,3.4,1.74,1.32,1.0,2.0,1.0,3.0,1,1
8.0,7.0,33.0,3.5,0.65,0.26,1.0,3.0,1.0,3.0,1,1
4.0,3.0,41.0,3.5,-0.24,-0.67,1.0,3.0,0.0,5.0,1,1
8.0,4.0,37.0,3.0,0.66,-0.47,1.0,1.0,1.0,4.0,1,1
8.0,9.0,38.0,3.6,0.57,0.99,2.0,4.0,0.0,5.0,1,1
6.0,5.0,37.0,3.7,0.17,-0.16,1.0,4.0,1.0,5.0,1,1
3.0,5.0,37.0,3.8,-0.67,-0.11,1.0,4.0,0.0,4.0,1,1
1.0,1.0,31.0,3.0,-1.46,-1.34,2.0,2.0,1.0,3.0,0,0
6.0,7.0,37.0,3.6,0.23,0.33,1.0,3.0,0.0,3.0,1,1
6.0,6.0,35.0,3.6,0.17,0.28,1.0,2.0,1.0,4.0,1,1
8.0,7.0,35.0,3.4,0.63,0.37,1.0,4.0,1.0,4.0,1,1
6.0,6.0,31.5,2.7,0.07,0.07,1.0,4.0,1.0,3.0,1,1
3.0,5.0,32.0,3.5,-0.58,-0.2,1.0,3.0,1.0,2.0,1,1
4.0,4.0,44.0,3.9,-0.25,-0.31,1.0,4.0,0.0,5.0,1,1
2.0,3.0,35.0,2.6,-0.76,-0.58,1.0,3.0,1.0,3.0,1,1
2.0,1.0,28.0,2.1,-1.06,-1.97,1.0,3.0,0.0,3.0,0,0
3.0,5.0,42.0,3.1,-0.57,-0.21,1.0,4.0,1.0,5.0,1,1
6.0,7.0,37.0,3.6,0.17,0.38,1.0,4.0,0.0,4.0,1,1
4.0,6.0,42.0,3.3,-0.35,0.08,1.0,5.0,1.0,3.0,1,1
10.0,10.0,35.0,3.5,1.43,1.53,1.0,1.0,0.0,3.0,1,1
6.0,7.0,40.0,3.2,0.13,0.55,1.0,4.0,0.0,4.0,1,1
8.0,9.0,38.0,3.4,0.83,1.06,1.0,3.0,0.0,3.0,1,1
1.0,2.0,23.0,3.6,-1.52,-1.14,1.0,3.0,1.0,3.0,0,1
1.0,1.0,32.0,3.0,-1.77,-2.07,1.0,4.0,1.0,4.0,0,0
3.0,2.0,31.0,2.7,-0.68,-0.92,1.0,4.0,0.0,3.0,0,0
1.0,1.0,26.0,2.3,-1.31,-1.98,1.0,4.0,0.0,2.0,0,0
1.0,2.0,33.0,3.0,-1.28,-1.07,1.0,4.0,1.0,5.0,0,0
4.0,5.0,40.0,2.6,-0.19,-0.18,1.0,2.0,1.0,6.0,1,1
4.0,2.0,33.0,2.4,-0.42,-0.98,1.0,3.0,1.0,2.0,1,1
3.0,5.0,37.0,3.5,-0.55,-0.16,1.0,3.0,1.0,4.0,1,1
7.0,7.0,44.0,3.1,0.45,0.28,1.0,5.0,1.0,5.0,1,1
2.0,2.0,32.0,3.0,-0.96,-1.31,1.0,4.0,1.0,3.0,1,1
3.0,3.0,38.0,3.0,-0.56,-0.79,1.0,4.0,1.0,4.0,1,1
10.0,10.0,47.0,3.1,2.24,1.86,1.0,3.0,1.0,4.0,1,1
8.0,10.0,44.0,3.9,0.74,1.54,1.0,3.0,0.0,3.0,1,1
3.0,3.0,35.0,3.1,-0.52,-0.79,1.0,4.0,1.0,5.0,1,1
8.0,8.0,40.0,3.4,0.88,0.84,1.0,3.0,0.0,4.0,1,1
1.0,1.0,29.5,2.5,-1.51,-2.3,1.0,2.0,0.0,5.0,0,0
6.0,8.0,39.0,3.2,0.29,0.57,1.0,4.0,0.0,4.0,1,1
6.0,8.0,41.0,3.3,0.27,0.66,1.0,4.0,0.0,5.0,1,1
6.0,4.0,41.0,3.4,0.08,-0.37,1.0,4.0,0.0,5.0,1,1
1.0,2.0,32.0,2.9,-1.22,-1.09,1.0,3.0,0.0,4.0,0,0
5.0,4.0,42.0,3.4,-0.16,-0.41,1.0,2.0,1.0,5.0,1,1
6.0,5.0,29.3,2.5,0.28,-0.11,2.0,5.0,1.0,3.0,1,1
8.0,9.0,46.0,3.4,0.63,0.91,1.0,4.0,1.0,5.0,1,1
2.0,3.0,42.0,3.4,-0.83,-0.78,1.0,4.0,1.0,5.0,1,1
10.0,10.0,48.0,3.5,1.48,1.53,1.0,4.0,1.0,5.0,1,1
1.0,1.0,36.0,2.7,-1.28,-1.36,1.0,3.0,0.0,3.0,0,1
1.0,1.0,30.0,2.9,-2.74,-3.13,1.0,4.0,1.0,4.0,0,0
1.0,1.0,36.0,2.8,-3.08,-2.63,1.0,4.0,1.0,5.0,0,0
2.0,1.0,23.0,3.8,-1.07,-1.54,2.0,3.0,1.0,5.0,0,0
4.0,5.0,35.5,2.6,-0.35,-0.13,1.0,4.0,1.0,3.0,1,1
3.0,5.0,38.0,4.0,-0.48,-0.21,1.0,4.0,0.0,4.0,1,1
7.0,6.0,39.0,3.1,0.38,0.19,1.0,3.0,1.0,2.0,1,1
4.0,2.0,35.0,3.6,-0.42,-0.98,1.0,3.0,1.0,4.0,1,1
8.0,8.0,41.0,3.2,0.77,0.76,1.0,3.0,1.0,4.0,1,1
1.0,1.0,26.0,3.2,-1.57,-1.95,1.0,3.0,1.0,4.0,0,0
8.0,5.0,36.0,3.7,0.71,-0.01,1.0,4.0,0.0,4.0,1,1
10.0,10.0,33.0,3.0,1.93,2.35,1.0,3.0,1.0,2.0,1,1
2.0,3.0,27.0,3.3,-0.78,-0.56,1.0,2.0,0.0,4.0,1,1
6.0,6.0,42.0,3.3,0.26,0.27,1.0,4.0,1.0,4.0,1,1
4.0,4.0,40.0,3.5,-0.41,-0.33,1.0,5.0,0.0,4.0,1,1
1.0,2.0,28.0,2.4,-1.46,-1.17,1.0,3.0,0.0,3.0,0,0
9.0,9.0,37.0,3.0,0.88,0.89,1.0,4.0,1.0,3.0,1,1
5.0,4.0,39.0,3.7,-0.08,-0.24,1.0,4.0,1.0,5.0,1,1
4.0,1.0,21.0,3.4,-0.27,-2.12,1.0,3.0,1.0,3.0,0,0
8.0,8.0,41.0,2.6,0.72,0.84,1.0,2.0,0.0,3.0,1,1
5.0,5.0,44.0,3.7,-0.14,-0.1,1.0,4.0,0.0,6.0,1,1
5.0,5.0,33.0,3.4,-0.03,-0.14,1.0,5.0,1.0,4.0,1,1
1.0,1.0,29.0,2.5,-2.22,-1.89,1.0,3.0,1.0,3.0,0,0
10.0,10.0,39.0,3.3,1.79,1.6,1.0,3.0,1.0,4.0,1,1
6.0,6.0,45.0,3.3,0.27,0.27,1.0,3.0,1.0,4.0,1,1
8.0,7.0,44.0,3.0,0.75,0.35,1.0,4.0,0.0,3.0,0,0
4.0,6.0,41.0,3.3,-0.19,0.05,1.0,4.0,1.0,4.0,1,1
8.0,9.0,40.0,2.9,0.8,0.92,1.0,3.0,1.0,4.0,1,1
4.0,1.0,29.0,2.7,-0.31,-1.38,1.0,3.0,1.0,1.0,0,0
9.0,10.0,45.0,2.9,0.92,1.37,1.0,2.0,0.0,3.0,1,1
2.0,2.0,27.0,2.6,-0.99,-1.3,2.0,4.0,0.0,3.0,0,0
9.0,9.0,39.0,3.8,0.95,1.15,1.0,4.0,0.0,3.0,1,1
8.0,8.0,32.0,2.7,0.74,0.61,1.0,5.0,0.0,2.0,1,1
2.0,2.0,39.3,3.7,-0.78,-1.18,1.0,4.0,0.0,4.0,1,1
9.0,9.0,39.0,2.9,1.0,1.11,1.0,2.0,0.0,5.0,1,1
5.0,6.0,41.0,3.8,0.04,0.25,1.0,4.0,0.0,6.0,1,1
3.0,4.0,30.0,3.8,-0.65,-0.47,1.0,2.0,1.0,4.0,1,1
10.0,9.0,35.0,3.2,1.44,1.28,1.0,4.0,0.0,3.0,1,1
3.0,6.0,30.0,3.5,-0.6,0.01,1.0,3.0,1.0,4.0,1,1
6.0,7.0,35.0,4.0,0.33,0.47,1.0,3.0,1.0,4.0,1,1
9.0,10.0,34.0,3.1,1.18,1.39,1.0,4.0,1.0,3.0,1,1
3.0,1.0,26.5,1.8,-0.58,-1.49,1.0,2.0,1.0,1.0,0,0
1.0,1.0,23.3,2.7,-1.56,-1.95,1.0,3.0,0.0,1.0,0,0
4.0,5.0,35.0,3.4,-0.37,-0.1,1.0,4.0,0.0,3.0,1,1
7.0,8.0,36.0,3.3,0.43,0.55,1.0,5.0,1.0,3.0,1,1
9.0,8.0,38.0,3.1,1.25,0.79,1.0,4.0,0.0,5.0,1,1
10.0,10.0,39.0,2.9,2.03,2.17,1.0,4.0,1.0,3.0,1,1
10.0,10.0,40.0,3.0,2.24,2.95,1.0,2.0,0.0,3.0,1,1
2.0,5.0,32.0,3.4,-0.71,-0.21,1.0,3.0,0.0,3.0,1,1
3.0,3.0,42.0,2.9,-0.61,-0.81,1.0,4.0,1.0,4.0,1,1
4.0,4.0,46.0,3.7,-0.32,-0.31,1.0,4.0,1.0,5.0,1,1
10.0,9.0,39.0,2.9,1.67,1.24,1.0,4.0,1.0,3.0,1,1
2.0,1.0,28.5,3.3,-1.14,-1.47,1.0,3.0,0.0,5.0,0,0
1.0,1.0,44.0,3.0,-1.19,-1.73,1.0,4.0,1.0,4.0,1,1
1.0,1.0,27.0,2.5,-2.08,-2.12,1.0,3.0,0.0,4.0,0,0
1.0,1.0,40.0,3.3,-1.28,-1.41,1.0,5.0,0.0,3.0,1,1
10.0,10.0,38.0,3.5,2.54,2.64,2.0,1.0,0.0,5.0,1,1
3.0,4.0,38.0,3.3,-0.54,-0.44,1.0,3.0,1.0,4.0,1,1
9.0,9.0,46.0,3.3,1.1,1.26,1.0,4.0,0.0,5.0,1,1
9.0,10.0,39.0,3.3,1.06,1.32,1.0,4.0,1.0,4.0,1,1
6.0,6.0,36.0,2.6,0.15,0.14,1.0,4.0,1.0,3.0,1,1
6.0,4.0,46.0,3.4,0.2,-0.36,1.0,3.0,1.0,3.0,1,1
3.0,4.0,35.0,3.0,-0.6,-0.34,1.0,3.0,0.0,4.0,1,1
2.0,4.0,43.0,2.5,-0.81,-0.36,2.0,4.0,1.0,3.0,1,1
6.0,7.0,34.0,3.2,0.2,0.45,2.0,1.0,1.0,5.0,0,1
5.0,6.0,39.0,3.0,-0.13,0.17,1.0,5.0,0.0,3.0,1,1
8.0,9.0,36.0,2.4,0.6,0.87,1.0,4.0,1.0,3.0,1,1
9.0,10.0,35.0,3.4,1.12,1.39,1.0,3.0,1.0,5.0,1,1
4.0,4.0,34.0,3.5,-0.31,-0.44,1.0,3.0,1.0,4.0,1,1
7.0,9.0,33.0,3.3,0.5,1.07,1.0,3.0,1.0,3.0,1,1
4.0,3.0,35.0,3.4,-0.2,-0.64,1.0,4.0,1.0,3.0,1,1
7.0,6.0,33.0,3.0,0.39,0.02,1.0,4.0,0.0,3.0,1,1
9.0,8.0,41.0,4.0,1.29,0.74,1.0,4.0,0.0,4.0,1,1
5.0,7.0,29.0,2.8,0.06,0.34,1.0,3.0,1.0,1.0,1,1
10.0,10.0,31.0,3.5,1.35,1.81,1.0,3.0,1.0,3.0,1,1
5.0,5.0,39.0,3.6,-0.05,-0.06,1.0,4.0,1.0,5.0,1,1
4.0,5.0,37.0,3.4,-0.32,-0.11,1.0,4.0,0.0,3.0,1,1
3.0,4.0,44.0,3.3,-0.72,-0.42,1.0,4.0,0.0,4.0,1,1
2.0,3.0,46.0,3.7,-1.03,-0.58,1.0,4.0,1.0,6.0,1,1
9.0,8.0,39.0,3.3,1.01,0.79,1.0,4.0,0.0,4.0,1,1
7.0,3.0,35.0,3.2,0.33,-0.65,1.0,4.0,0.0,3.0,1,1
8.0,8.0,29.0,3.5,0.73,0.56,1.0,3.0,1.0,3.0,1,1
7.0,9.0,36.0,3.8,0.44,0.91,2.0,3.0,1.0,3.0,1,1
9.0,7.0,32.0,3.5,0.92,0.54,1.0,4.0,0.0,3.0,1,1
2.0,2.0,31.0,3.1,-0.91,-1.25,1.0,2.0,1.0,3.0,1,1
6.0,5.0,36.0,2.9,0.28,-0.19,1.0,3.0,1.0,4.0,1,1
8.0,9.0,45.0,3.9,0.84,0.89,1.0,4.0,1.0,6.0,1,1
4.0,2.0,33.0,2.9,-0.4,-1.12,1.0,3.0,0.0,3.0,1,1
1.0,1.0,27.0,2.5,-2.06,-1.82,1.0,3.0,0.0,4.0,0,0
8.0,8.0,41.0,3.9,0.71,0.62,1.0,4.0,0.0,4.0,1,1
8.0,8.0,36.0,3.2,0.77,0.67,1.0,4.0,1.0,3.0,1,1
9.0,10.0,35.5,3.5,1.23,1.69,1.0,3.0,1.0,3.0,1,1
8.0,9.0,40.0,3.3,0.8,1.05,1.0,4.0,1.0,4.0,1,1
7.0,7.0,35.0,3.2,0.51,0.43,1.0,4.0,1.0,2.0,1,1
9.0,10.0,39.0,2.9,1.19,1.47,1.0,4.0,0.0,3.0,1,1
1.0,2.0,36.0,3.7,-1.57,-0.94,2.0,2.0,1.0,5.0,0,0
2.0,4.0,40.0,3.1,-0.8,-0.53,1.0,3.0,1.0,3.0,1,1
10.0,9.0,42.0,4.0,1.5,1.22,1.0,3.0,1.0,4.0,1,1
5.0,7.0,26.0,3.1,-0.14,0.31,2.0,4.0,1.0,5.0,1,1
6.0,8.0,41.0,3.7,0.32,0.76,1.0,4.0,1.0,4.0,1,1
10.0,10.0,39.0,3.2,1.39,1.34,1.0,4.0,0.0,4.0,1,1
4.0,5.0,38.0,3.1,-0.18,-0.03,1.0,3.0,0.0,4.0,1,1
1.0,1.0,46.0,3.6,-1.27,-1.59,1.0,4.0,1.0,6.0,1,1
7.0,6.0,35.0,3.2,0.38,0.14,1.0,4.0,0.0,5.0,1,1
2.0,3.0,36.0,3.1,-0.81,-0.63,1.0,4.0,0.0,2.0,1,1
1.0,1.0,29.5,2.4,-1.11,-1.58,1.0,4.0,1.0,1.0,0,0
5.0,5.0,39.0,2.4,-0.1,-0.06,2.0,4.0,1.0,3.0,1,1
2.0,3.0,38.0,3.7,-0.73,-0.78,1.0,3.0,1.0,3.0,1,1
10.0,10.0,41.0,3.5,1.44,1.83,1.0,4.0,0.0,4.0,1,1
2.0,2.0,34.0,3.2,-1.09,-0.96,1.0,4.0,0.0,5.0,0,0
7.0,8.0,38.5,3.5,0.52,0.56,1.0,4.0,1.0,4.0,1,1
8.0,10.0,37.0,3.2,0.68,1.47,1.0,4.0,0.0,3.0,1,1
6.0,6.0,30.5,3.3,0.21,0.1,1.0,5.0,1.0,3.0,1,1
2.0,2.0,45.0,3.8,-1.13,-0.99,1.0,3.0,0.0,4.0,1,1
9.0,9.0,39.0,3.4,1.13,1.27,1.0,2.0,0.0,3.0,1,1
1.0,2.0,30.7,3.5,-1.45,-1.04,1.0,3.0,1.0,6.0,1,1
3.0,2.0,42.0,3.3,-0.64,-1.1,1.0,3.0,0.0,4.0,1,1
10.0,9.0,33.0,3.5,1.34,1.28,1.0,2.0,1.0,4.0,1,1
4.0,4.0,31.0,3.4,-0.37,-0.54,1.0,4.0,1.0,3.0,1,1
10.0,10.0,37.0,3.6,2.21,2.4,1.0,5.0,0.0,3.0,1,1
9.0,9.0,44.0,2.9,1.3,1.18,1.0,2.0,0.0,4.0,1,1
6.0,7.0,35.0,2.8,0.15,0.54,1.0,4.0,0.0,3.0,1,1
4.0,6.0,38.0,3.4,-0.37,0.07,1.0,4.0,0.0,5.0,1,1
1.0,2.0,47.0,3.4,-1.16,-1.21,1.0,4.0,1.0,4.0,1,1
8.0,8.0,45.0,3.1,0.79,0.74,1.0,4.0,1.0,4.0,1,1
3.0,4.0,38.0,3.7,-0.72,-0.31,1.0,4.0,1.0,4.0,1,1
9.0,9.0,40.0,3.4,0.94,0.94,1.0,4.0,0.0,3.0,1,1
7.0,8.0,46.0,3.7,0.41,0.59,1.0,4.0,1.0,5.0,1,1
3.0,3.0,33.0,2.4,-0.67,-0.7,1.0,4.0,0.0,4.0,1,1
4.0,3.0,36.0,2.7,-0.36,-0.57,1.0,4.0,1.0,3.0,1,1
5.0,3.0,33.0,2.9,-0.06,-0.88,1.0,4.0,1.0,3.0,1,1
3.0,3.0,45.0,3.3,-0.57,-0.62,1.0,4.0,1.0,4.0,1,1
3.0,3.0,29.0,3.3,-0.44,-0.79,1.0,3.0,1.0,2.0,1,1
6.0,6.0,35.0,3.5,0.19,0.15,1.0,4.0,1.0,3.0,1,1
5.0,5.0,37.0,3.1,-0.07,-0.19,2.0,3.0,0.0,5.0,1,1
10.0,8.0,40.0,3.7,1.45,0.73,1.0,4.0,0.0,3.0,1,1
8.0,6.0,36.0,3.2,0.83,0.04,1.0,3.0,1.0,3.0,1,1
9.0,9.0,42.0,3.1,0.99,0.92,1.0,2.0,0.0,4.0,1,1
9.0,8.0,36.0,3.7,0.92,0.63,1.0,4.0,1.0,4.0,1,1
7.0,7.0,40.0,3.3,0.5,0.34,2.0,4.0,0.0,6.0,1,1
4.0,7.0,36.0,3.2,-0.34,0.33,1.0,4.0,0.0,3.0,1,1
1.0,1.0,39.0,3.7,-1.32,-1.62,1.0,3.0,0.0,4.0,1,1
3.0,3.0,41.0,3.9,-0.78,-0.63,1.0,4.0,1.0,6.0,1,1
6.0,5.0,35.0,3.1,0.31,-0.01,1.0,5.0,0.0,4.0,1,1
1.0,1.0,26.0,2.6,-1.26,-1.54,1.0,3.0,0.0,3.0,0,0
6.0,7.0,37.0,3.3,0.29,0.53,1.0,4.0,0.0,3.0,1,1
6.0,7.0,34.5,3.4,0.09,0.33,1.0,4.0,1.0,3.0,1,1
2.0,2.0,38.0,3.3,-0.73,-1.24,1.0,4.0,1.0,3.0,1,1
6.0,8.0,41.0,2.5,0.1,0.67,1.0,4.0,1.0,3.0,1,1
9.0,10.0,36.0,3.2,1.0,1.34,1.0,5.0,0.0,6.0,1,1
6.0,7.0,35.0,3.2,0.15,0.45,1.0,4.0,1.0,3.0,1,1
4.0,4.0,40.0,3.0,-0.25,-0.47,1.0,4.0,1.0,4.0,1,1
4.0,6.0,35.0,3.9,-0.28,0.11,1.0,3.0,0.0,4.0,1,1
3.0,4.0,40.0,3.5,-0.67,-0.26,1.0,2.0,0.0,4.0,1,1
10.0,10.0,45.0,3.9,1.81,1.62,1.0,4.0,0.0,6.0,1,1
5.0,3.0,27.0,4.0,-0.11,-0.86,1.0,2.0,1.0,4.0,1,1
9.0,10.0,46.0,4.0,1.12,1.31,1.0,3.0,0.0,5.0,1,1
6.0,6.0,37.0,3.5,0.13,0.09,1.0,3.0,0.0,3.0,1,1
5.0,4.0,38.0,2.9,0.03,-0.56,1.0,4.0,0.0,3.0,1,1
3.0,4.0,34.0,3.4,-0.47,-0.32,1.0,5.0,1.0,4.0,1,1
2.0,1.0,38.0,2.3,-1.14,-1.71,1.0,3.0,1.0,4.0,1,1
5.0,8.0,36.0,2.9,-0.19,0.8,1.0,4.0,1.0,5.0,1,1
10.0,10.0,41.0,3.1,1.66,1.9,1.0,4.0,0.0,4.0,1,1
9.0,9.0,39.0,3.1,1.03,1.0,1.0,4.0,1.0,6.0,1,1
9.0,10.0,39.0,2.7,1.16,1.34,1.0,4.0,1.0,3.0,1,1
4.0,8.0,33.5,3.0,-0.26,0.61,1.0,4.0,0.0,3.0,1,1
8.0,7.0,37.0,3.1,0.63,0.55,1.0,4.0,1.0,4.0,1,1
8.0,9.0,33.0,3.2,0.68,1.13,1.0,5.0,0.0,3.0,1,1
7.0,6.0,37.0,3.0,0.34,0.13,1.0,3.0,1.0,3.0,1,1
1.0,1.0,33.0,3.1,-1.92,-1.5,1.0,3.0,1.0,3.0,0,0
7.0,7.0,43.0,2.9,0.54,0.34,1.0,4.0,0.0,4.0,1,1
5.0,6.0,43.0,3.4,0.08,0.14,1.0,3.0,1.0,4.0,1,1
8.0,8.0,31.0,2.9,0.8,0.84,1.0,3.0,1.0,2.0,1,1
9.0,7.0,42.0,3.9,0.93,0.47,1.0,4.0,0.0,3.0,1,1
7.0,7.0,38.0,3.5,0.56,0.55,1.0,4.0,1.0,4.0,1,1
6.0,5.0,44.0,3.0,0.3,-0.19,2.0,1.0,1.0,3.0,1,1
2.0,7.0,30.0,3.3,-1.07,0.43,1.0,3.0,0.0,3.0,1,1
10.0,10.0,38.0,3.4,2.04,2.18,1.0,4.0,0.0,3.0,1,1
4.0,7.0,45.0,3.6,-0.45,0.38,1.0,4.0,1.0,5.0,1,1
3.0,4.0,37.0,3.5,-0.43,-0.29,1.0,4.0,0.0,4.0,1,1
2.0,4.0,39.0,3.3,-0.76,-0.37,1.0,2.0,1.0,4.0,1,1
10.0,10.0,43.0,3.5,1.67,1.65,2.0,4.0,1.0,3.0,1,1
4.0,6.0,35.0,3.3,-0.26,0.01,1.0,4.0,0.0,3.0,1,1
9.0,6.0,34.0,3.3,0.99,0.12,1.0,4.0,1.0,4.0,1,1
10.0,9.0,44.0,3.4,1.53,1.17,1.0,4.0,0.0,6.0,1,1
9.0,9.0,44.0,3.6,1.2,0.88,1.0,4.0,0.0,5.0,1,1
1.0,2.0,22.0,2.7,-1.8,-1.13,1.0,4.0,1.0,3.0,1,1
3.0,4.0,42.0,2.9,-0.62,-0.49,1.0,4.0,1.0,3.0,1,1
3.0,3.0,35.0,3.4,-0.49,-0.56,1.0,2.0,0.0,4.0,1,1
8.0,8.0,32.5,3.3,0.6,0.58,1.0,3.0,0.0,3.0,1,1
3.0,4.0,32.0,2.9,-0.63,-0.45,1.0,3.0,1.0,3.0,1,1
2.0,1.0,34.0,3.4,-0.86,-1.33,1.0,4.0,0.0,3.0,1,1
2.0,2.0,32.0,2.7,-0.79,-1.11,1.0,4.0,0.0,4.0,0,0
6.0,4.0,36.0,3.0,0.19,-0.41,1.0,5.0,1.0,3.0,1,1
8.0,8.0,40.0,3.3,0.71,0.63,1.0,3.0,0.0,5.0,1,1
6.0,3.0,39.0,2.9,0.13,-0.76,1.0,3.0,1.0,3.0,1,1
7.0,7.0,45.0,3.6,0.49,0.54,1.0,3.0,0.0,4.0,1,1
4.0,3.0,45.0,3.5,-0.21,-0.67,1.0,3.0,1.0,6.0,1,1
5.0,3.0,37.0,3.0,0.01,-0.54,1.0,3.0,1.0,4.0,1,1
9.0,10.0,34.0,2.6,1.05,1.35,2.0,3.0,1.0,3.0,1,1
10.0,10.0,34.0,3.3,1.83,1.7,1.0,5.0,1.0,4.0,1,1
3.0,3.0,42.0,2.5,-0.69,-0.79,1.0,5.0,1.0,4.0,1,1
4.0,2.0,40.0,3.0,-0.41,-0.96,1.0,5.0,1.0,4.0,1,1
10.0,9.0,39.0,3.2,1.49,1.2,1.0,3.0,1.0,4.0,1,1
4.0,3.0,42.0,3.1,-0.2,-0.67,1.0,2.0,1.0,6.0,1,1
5.0,4.0,30.0,3.2,-0.16,-0.52,1.0,2.0,1.0,4.0,1,1
1.0,4.0,34.0,3.4,-1.41,-0.47,1.0,3.0,0.0,3.0,1,1
5.0,7.0,40.0,3.6,-0.01,0.44,1.0,4.0,0.0,3.0,1,1
5.0,4.0,32.0,2.6,-0.04,-0.43,1.0,3.0,1.0,4.0,0,0
2.0,3.0,39.0,3.8,-0.88,-0.64,1.0,3.0,1.0,4.0,1,1
2.0,2.0,29.0,2.4,-0.98,-1.26,1.0,5.0,1.0,4.0,1,1
9.0,10.0,37.0,3.9,1.14,1.54,1.0,3.0,0.0,4.0,1,1
8.0,6.0,36.0,3.8,0.7,0.19,1.0,3.0,0.0,3.0,1,1
3.0,3.0,30.0,3.5,-0.71,-0.74,1.0,3.0,1.0,2.0,1,1
10.0,10.0,42.0,3.8,1.31,1.52,2.0,4.0,0.0,4.0,1,1
7.0,7.0,32.0,4.0,0.35,0.34,1.0,4.0,1.0,3.0,1,1
8.0,8.0,36.0,3.3,0.75,0.73,1.0,3.0,0.0,3.0,1,1
8.0,7.0,40.0,3.5,0.62,0.45,1.0,5.0,1.0,4.0,1,1
1.0,1.0,36.5,2.7,-1.61,-1.81,1.0,2.0,1.0,3.0,1,1
8.0,9.0,36.0,3.2,0.74,0.93,1.0,4.0,1.0,4.0,1,1
5.0,6.0,36.0,3.4,-0.09,0.04,1.0,4.0,0.0,4.0,1,1
8.0,8.0,37.0,3.3,0.69,0.62,1.0,5.0,1.0,3.0,1,1
9.0,7.0,34.0,3.7,1.02,0.52,1.0,3.0,0.0,5.0,1,1
10.0,10.0,37.0,3.7,1.94,2.12,1.0,3.0,0.0,3.0,1,1
2.0,1.0,32.0,3.2,-1.02,-1.61,1.0,3.0,0.0,5.0,1,1
8.0,9.0,42.0,3.7,0.74,0.92,1.0,4.0,1.0,4.0,1,1
6.0,5.0,38.0,3.1,0.16,-0.23,1.0,2.0,0.0,3.0,1,1
1.0,3.0,34.0,2.5,-1.1,-0.71,1.0,3.0,1.0,2.0,1,1
3.0,4.0,41.0,3.8,-0.64,-0.5,1.0,4.0,0.0,6.0,1,1
7.0,6.0,26.0,3.6,0.32,0.03,1.0,3.0,0.0,2.0,1,1
2.0,4.0,40.0,2.9,-0.76,-0.39,1.0,2.0,1.0,4.0,1,1
3.0,2.0,30.0,2.8,-0.61,-1.26,2.0,3.0,1.0,3.0,0,0
10.0,7.0,33.0,2.8,2.79,0.46,1.0,1.0,0.0,4.0,1,1
9.0,7.0,35.0,3.1,1.17,0.47,1.0,5.0,1.0,4.0,1,1
3.0,1.0,35.5,3.4,-0.54,-2.27,1.0,3.0,1.0,5.0,0,0
8.0,9.0,42.0,3.6,0.87,1.2,1.0,4.0,1.0,4.0,1,1
2.0,2.0,31.0,3.2,-0.94,-1.13,1.0,3.0,0.0,2.0,1,1
1.0,1.0,20.0,3.2,-1.87,-2.77,1.0,4.0,1.0,3.0,0,0
4.0,3.0,39.0,3.3,-0.29,-0.67,1.0,4.0,1.0,3.0,1,1
9.0,6.0,45.0,3.5,1.14,0.29,1.0,4.0,0.0,4.0,1,1
6.0,4.0,38.0,3.2,0.08,-0.48,1.0,4.0,1.0,3.0,1,1
4.0,4.0,35.0,3.3,-0.18,-0.41,1.0,3.0,0.0,3.0,1,1
5.0,7.0,37.0,2.8,0.02,0.41,1.0,3.0,1.0,5.0,1,1
1.0,1.0,26.0,3.1,-2.06,-2.06,1.0,4.0,1.0,4.0,0,0
2.0,2.0,40.0,2.9,-0.85,-0.94,1.0,3.0,0.0,6.0,0,1
10.0,5.0,38.0,3.6,1.66,-0.15,1.0,4.0,0.0,4.0,1,1
7.0,9.0,42.0,3.1,0.46,1.05,1.0,4.0,0.0,4.0,1,1
4.0,2.0,39.0,3.2,-0.17,-1.26,1.0,5.0,1.0,4.0,1,1
1.0,2.0,27.0,2.8,-1.3,-1.08,1.0,4.0,1.0,3.0,1,1
5.0,6.0,38.0,3.7,-0.14,0.21,1.0,4.0,0.0,4.0,1,1
2.0,2.0,35.0,3.1,-1.05,-0.95,1.0,4.0,0.0,4.0,1,1
6.0,5.0,28.0,3.2,0.1,-0.27,1.0,3.0,1.0,2.0,1,1
2.0,3.0,38.0,3.5,-1.13,-0.81,1.0,4.0,0.0,5.0,1,1
10.0,10.0,40.0,3.8,1.72,1.59,2.0,4.0,0.0,3.0,1,1
8.0,8.0,34.0,3.2,0.77,0.56,1.0,4.0,1.0,4.0,1,1
9.0,9.0,38.0,3.1,1.12,1.03,1.0,4.0,0.0,3.0,1,1
6.0,5.0,32.0,2.8,0.16,-0.14,2.0,2.0,1.0,3.0,1,1
8.0,7.0,41.0,3.8,0.78,0.31,1.0,3.0,1.0,4.0,1,1
2.0,5.0,35.0,3.7,-0.85,-0.12,1.0,4.0,1.0,5.0,1,1
8.0,8.0,27.5,3.4,0.82,0.74,1.0,4.0,1.0,3.0,1,1
2.0,1.0,21.0,3.2,-1.09,-1.31,1.0,3.0,1.0,3.0,0,0
3.0,6.0,35.0,3.4,-0.67,0.08,2.0,3.0,1.0,4.0,1,1
4.0,4.0,26.0,2.7,-0.1,-0.5,1.0,2.0,1.0,1.0,0,0
6.0,6.0,42.0,3.6,0.08,0.12,1.0,3.0,1.0,3.0,1,1
4.0,3.0,31.0,3.1,-0.19,-0.83,1.0,4.0,1.0,3.0,1,1
5.0,5.0,34.0,2.4,-0.1,-0.21,1.0,4.0,1.0,2.0,1,1
4.0,1.0,37.0,3.3,-0.43,-1.42,1.0,4.0,1.0,6.0,1,1
1.0,1.0,42.0,3.8,-2.09,-2.18,1.0,4.0,1.0,6.0,1,1
1.0,2.0,32.0,3.8,-1.57,-1.0,1.0,3.0,0.0,2.0,0,0
6.0,6.0,35.0,3.3,0.12,0.22,1.0,4.0,1.0,3.0,1,1
7.0,8.0,39.0,3.5,0.39,0.61,1.0,4.0,0.0,3.0,1,1
2.0,2.0,44.0,3.3,-0.87,-0.99,1.0,5.0,0.0,3.0,1,1
8.0,8.0,37.0,3.6,0.68,0.7,1.0,3.0,0.0,4.0,1,1
5.0,5.0,35.0,2.8,-0.03,-0.07,1.0,4.0,1.0,2.0,1,1
4.0,4.0,38.0,3.4,-0.23,-0.32,1.0,5.0,1.0,4.0,1,1
6.0,2.0,24.0,3.0,0.35,-1.22,1.0,2.0,1.0,1.0,0,0
6.0,4.0,37.0,3.0,0.21,-0.29,1.0,4.0,1.0,5.0,1,1
1.0,1.0,40.0,3.2,-1.77,-1.8,1.0,4.0,0.0,6.0,0,0
6.0,7.0,41.0,3.3,0.26,0.39,1.0,4.0,1.0,3.0,1,1
10.0,10.0,41.0,3.3,1.77,1.64,1.0,4.0,1.0,5.0,1,1
2.0,3.0,41.0,3.7,-0.94,-0.83,1.0,2.0,0.0,6.0,0,0
1.0,1.0,23.0,3.2,-1.37,-2.05,1.0,2.0,0.0,5.0,0,0
7.0,8.0,32.0,3.2,0.36,0.73,2.0,4.0,1.0,3.0,1,1
3.0,3.0,43.0,2.0,-0.6,-0.72,1.0,2.0,1.0,3.0,1,1
2.0,5.0,43.0,3.7,-1.13,-0.09,1.0,2.0,1.0,5.0,0,1
4.0,3.0,35.0,3.1,-0.28,-0.62,1.0,4.0,0.0,3.0,1,1
8.0,1.0,28.5,3.2,0.57,-1.62,1.0,4.0,0.0,3.0,1,1
8.0,6.0,45.0,3.9,0.66,0.09,1.0,4.0,0.0,5.0,1,1
6.0,6.0,40.0,3.6,0.24,0.29,1.0,4.0,1.0,4.0,1,1
7.0,8.0,40.0,2.9,0.54,0.76,1.0,4.0,1.0,3.0,1,1
10.0,9.0,37.0,3.1,1.51,1.2,1.0,4.0,0.0,3.0,1,1
10.0,10.0,37.0,4.0,2.44,2.53,1.0,2.0,0.0,3.0,1,1
1.0,1.0,35.0,2.9,-1.56,-1.77,1.0,1.0,1.0,4.0,0,1
7.0,6.0,23.0,3.3,0.38,0.09,1.0,4.0,1.0,4.0,1,1
1.0,1.0,26.0,3.3,-1.5,-1.73,1.0,3.0,1.0,3.0,0,0
9.0,9.0,37.0,3.6,1.27,1.29,1.0,3.0,0.0,3.0,1,1
6.0,5.0,30.0,2.4,0.28,-0.04,1.0,3.0,0.0,1.0,1,1
8.0,6.0,40.0,3.1,0.84,0.09,1.0,4.0,1.0,2.0,1,1
7.0,6.0,33.0,3.4,0.37,0.11,1.0,5.0,1.0,3.0,1,1
10.0,10.0,43.0,3.4,2.11,1.8,1.0,3.0,0.0,5.0,1,1
3.0,3.0,37.0,3.2,-0.65,-0.59,1.0,3.0,0.0,4.0,1,1
1.0,1.0,42.0,3.0,-1.22,-1.8,1.0,3.0,0.0,4.0,1,1
3.0,1.0,37.0,2.7,-0.63,-1.43,1.0,4.0,1.0,2.0,1,0
4.0,3.0,34.0,3.1,-0.39,-0.64,1.0,4.0,0.0,5.0,1,1
10.0,10.0,38.0,4.0,1.39,1.47,2.0,1.0,0.0,3.0,1,1
1.0,1.0,29.0,2.5,-2.01,-2.23,1.0,4.0,0.0,3.0,0,0
4.0,5.0,33.0,3.9,-0.42,0.01,1.0,3.0,0.0,4.0,1,1
9.0,7.0,40.0,2.9,1.26,0.4,2.0,3.0,1.0,5.0,0,1
2.0,2.0,38.0,3.8,-1.06,-1.19,1.0,4.0,1.0,5.0,1,1
6.0,8.0,42.0,3.4,0.17,0.72,1.0,4.0,1.0,4.0,1,1
2.0,1.0,37.0,3.3,-0.99,-1.45,1.0,4.0,1.0,6.0,1,1
9.0,10.0,34.0,3.6,1.22,1.63,1.0,3.0,0.0,3.0,1,1
8.0,9.0,40.0,3.8,0.57,0.96,1.0,4.0,0.0,5.0,1,1
6.0,8.0,46.0,2.7,0.19,0.72,1.0,4.0,1.0,4.0,1,1
6.0,7.0,43.0,3.1,0.27,0.37,1.0,4.0,1.0,5.0,1,1
6.0,7.0,37.0,3.6,0.31,0.54,1.0,4.0,1.0,4.0,1,1
8.0,8.0,43.0,2.8,0.66,0.75,2.0,4.0,0.0,4.0,1,1
10.0,9.0,46.0,3.6,1.86,1.27,1.0,4.0,0.0,5.0,1,1
9.0,8.0,35.0,3.2,0.96,0.64,1.0,3.0,1.0,2.0,1,1
6.0,7.0,39.0,3.3,0.14,0.47,1.0,4.0,0.0,3.0,1,1
4.0,5.0,38.0,2.9,-0.4,-0.02,1.0,3.0,0.0,4.0,1,1
8.0,7.0,37.0,3.0,0.8,0.42,1.0,3.0,1.0,3.0,1,1
8.0,10.0,43.0,3.5,0.73,1.47,1.0,3.0,0.0,3.0,1,1
7.0,6.0,43.0,3.1,0.41,0.25,1.0,5.0,0.0,4.0,1,1
7.0,10.0,48.0,3.6,0.48,1.73,1.0,3.0,0.0,6.0,1,1
1.0,2.0,27.0,3.4,-1.23,-1.06,1.0,4.0,1.0,2.0,1,1
7.0,5.0,37.0,2.7,0.4,-0.29,1.0,5.0,1.0,2.0,1,1
5.0,5.0,36.0,3.1,0.08,0.01,1.0,4.0,1.0,4.0,1,1
1.0,1.0,28.3,2.4,-2.18,-1.93,1.0,1.0,1.0,4.0,0,0
9.0,10.0,35.0,2.7,1.13,1.47,1.0,3.0,1.0,2.0,1,1
9.0,10.0,37.0,2.5,1.19,1.39,1.0,4.0,1.0,2.0,1,1
10.0,10.0,47.0,3.0,1.89,1.79,1.0,4.0,0.0,3.0,1,1
9.0,9.0,41.0,3.2,1.04,1.2,1.0,3.0,0.0,5.0,1,1
9.0,9.0,37.0,3.1,0.85,1.16,1.0,3.0,1.0,2.0,1,1
3.0,4.0,32.0,3.4,-0.49,-0.45,1.0,1.0,0.0,5.0,1,1
2.0,2.0,33.0,3.3,-0.92,-1.2,1.0,3.0,0.0,4.0,1,1
4.0,3.0,41.0,3.7,-0.22,-0.6,1.0,3.0,1.0,4.0,1,1
2.0,5.0,40.0,3.3,-0.77,-0.1,1.0,5.0,1.0,3.0,1,1
5.0,5.0,34.0,2.8,0.02,-0.07,1.0,4.0,0.0,4.0,1,1
10.0,7.0,36.0,2.6,1.38,0.5,1.0,3.0,0.0,3.0,1,1
7.0,7.0,35.0,3.5,0.51,0.41,1.0,3.0,0.0,4.0,1,1
5.0,6.0,45.0,3.6,-0.11,0.2,1.0,3.0,1.0,5.0,0,1
6.0,5.0,36.0,3.5,0.2,-0.04,1.0,4.0,1.0,3.0,1,1
2.0,1.0,26.0,3.6,-0.89,-2.21,1.0,1.0,0.0,3.0,0,0
4.0,4.0,27.0,2.8,-0.28,-0.4,2.0,2.0,0.0,3.0,0,0
4.0,3.0,43.0,3.9,-0.38,-0.71,1.0,4.0,0.0,5.0,1,1
5.0,8.0,33.0,3.6,-0.01,0.59,1.0,3.0,1.0,5.0,1,1
10.0,10.0,40.0,3.6,1.71,2.66,1.0,5.0,0.0,3.0,0,1
4.0,6.0,39.0,3.5,-0.24,0.22,1.0,2.0,0.0,4.0,1,1
10.0,10.0,43.0,4.0,1.77,2.16,1.0,4.0,0.0,4.0,1,1
8.0,8.0,38.0,3.6,0.88,0.65,1.0,4.0,1.0,4.0,1,1
9.0,9.0,37.0,3.5,0.96,1.17,1.0,4.0,0.0,4.0,1,1
7.0,6.0,44.0,3.3,0.52,0.09,1.0,4.0,0.0,5.0,1,1
10.0,10.0,35.0,4.0,1.61,1.37,1.0,5.0,1.0,4.0,1,1
10.0,9.0,39.0,3.8,1.32,0.92,1.0,4.0,1.0,3.0,1,1
4.0,4.0,45.0,3.4,-0.45,-0.42,1.0,5.0,0.0,5.0,1,1
5.0,4.0,34.0,3.0,-0.15,-0.4,1.0,4.0,1.0,3.0,1,1
1.0,1.0,42.0,3.4,-1.26,-1.46,1.0,2.0,1.0,4.0,1,1
9.0,10.0,44.0,3.5,1.37,1.4,1.0,4.0,1.0,6.0,1,1
6.0,8.0,42.0,3.5,0.13,0.76,1.0,4.0,0.0,6.0,1,1
1.0,1.0,42.0,3.5,-1.41,-1.64,1.0,3.0,0.0,4.0,1,1
9.0,1.0,36.5,3.6,1.11,-1.31,1.0,3.0,1.0,6.0,1,1
3.0,5.0,30.0,3.1,-0.44,-0.09,1.0,3.0,1.0,2.0,1,1
2.0,1.0,41.0,3.2,-0.71,-1.9,1.0,4.0,1.0,3.0,1,1
4.0,5.0,39.0,3.1,-0.39,-0.22,1.0,3.0,0.0,3.0,1,1
3.0,5.0,30.0,2.8,-0.51,-0.23,2.0,4.0,0.0,5.0,1,1
3.0,5.0,42.0,3.8,-0.48,-0.02,1.0,4.0,0.0,6.0,1,1
4.0,6.0,31.5,3.2,-0.34,0.13,1.0,3.0,1.0,3.0,1,1
8.0,9.0,44.0,3.0,0.71,0.91,1.0,4.0,0.0,3.0,1,1
7.0,9.0,45.0,2.5,0.35,1.12,1.0,2.0,1.0,4.0,1,1
6.0,6.0,34.0,3.1,0.07,0.15,1.0,5.0,1.0,3.0,1,1
3.0,2.0,36.0,3.0,-0.51,-1.03,1.0,5.0,1.0,5.0,0,0
3.0,2.0,42.0,4.0,-0.69,-0.92,1.0,3.0,1.0,6.0,1,1
3.0,4.0,36.5,2.3,-0.5,-0.5,1.0,4.0,1.0,3.0,1,1
3.0,4.0,41.0,2.7,-0.49,-0.39,1.0,3.0,1.0,3.0,1,1
8.0,7.0,29.3,3.5,0.58,0.41,1.0,3.0,1.0,3.0,1,1
10.0,10.0,35.0,3.6,1.78,1.8,1.0,3.0,0.0,3.0,1,1
6.0,2.0,38.0,3.0,0.08,-1.14,1.0,4.0,0.0,5.0,0,1
3.0,5.0,33.0,3.1,-0.59,-0.22,1.0,3.0,1.0,3.0,1,1
2.0,4.0,41.0,3.2,-0.92,-0.39,1.0,4.0,1.0,3.0,1,1
1.0,1.0,31.0,2.8,-1.32,-2.05,1.0,4.0,0.0,5.0,0,0
2.0,2.0,33.0,2.6,-0.86,-1.11,1.0,3.0,0.0,4.0,1,1
8.0,9.0,36.0,3.9,0.62,1.25,1.0,4.0,1.0,4.0,1,1
7.0,7.0,39.0,3.4,0.55,0.48,1.0,4.0,1.0,3.0,1,1
2.0,2.0,17.5,2.5,-0.6,-1.02,1.0,4.0,1.0,1.0,0,0
5.0,5.0,39.0,2.8,-0.04,-0.18,1.0,4.0,0.0,4.0,1,1
7.0,5.0,31.0,2.7,0.39,-0.28,1.0,4.0,1.0,2.0,1,1
8.0,6.0,42.0,2.8,0.63,0.12,1.0,5.0,0.0,4.0,1,1
1.0,1.0,29.0,3.1,-2.01,-2.22,1.0,3.0,0.0,4.0,0,0
1.0,3.0,30.0,2.7,-2.29,-0.79,1.0,3.0,0.0,4.0,0,0
9.0,8.0,41.0,3.5,1.11,0.79,1.0,4.0,0.0,4.0,1,1
5.0,5.0,42.0,3.8,-0.18,-0.04,1.0,4.0,1.0,5.0,1,1
1.0,3.0,21.0,2.5,-1.64,-0.67,1.0,3.0,0.0,2.0,0,0
9.0,6.0,39.0,3.1,0.91,0.22,1.0,3.0,1.0,3.0,1,1
8.0,8.0,44.0,2.8,0.65,0.63,1.0,4.0,1.0,3.0,1,1
8.0,9.0,33.0,3.6,0.88,1.18,1.0,2.0,0.0,4.0,1,1
3.0,5.0,33.0,3.4,-0.49,-0.18,2.0,2.0,0.0,6.0,1,1
4.0,7.0,30.0,2.8,-0.33,0.51,2.0,3.0,1.0,3.0,1,1
1.0,3.0,36.0,2.5,-1.3,-0.75,1.0,4.0,1.0,3.0,1,1
2.0,1.0,32.0,3.1,-0.96,-1.61,1.0,5.0,1.0,3.0,1,1
8.0,6.0,37.0,3.3,0.88,0.25,1.0,4.0,1.0,4.0,1,1
4.0,4.0,40.0,3.7,-0.36,-0.35,1.0,3.0,1.0,3.0,1,1
1.0,1.0,37.0,3.3,-1.15,-1.92,1.0,3.0,1.0,4.0,1,1
7.0,8.0,46.0,3.5,0.57,0.72,1.0,4.0,1.0,6.0,1,1
8.0,7.0,38.0,3.5,0.63,0.31,1.0,4.0,0.0,4.0,1,1
4.0,6.0,34.0,2.9,-0.17,0.06,1.0,4.0,1.0,3.0,1,1
5.0,6.0,30.0,2.8,0.05,0.06,1.0,2.0,0.0,1.0,0,0
5.0,6.0,39.0,3.5,-0.04,0.16,1.0,3.0,1.0,4.0,1,1
7.0,5.0,32.5,2.9,0.43,-0.12,1.0,4.0,1.0,3.0,1,1
10.0,10.0,35.0,3.8,1.9,1.88,1.0,4.0,0.0,4.0,1,1
3.0,3.0,25.5,2.5,-0.4,-0.75,1.0,4.0,1.0,1.0,1,1
1.0,1.0,29.0,2.4,-1.68,-2.37,1.0,4.0,1.0,4.0,1,0
3.0,5.0,39.5,3.1,-0.53,-0.24,1.0,3.0,1.0,4.0,1,1
4.0,4.0,31.0,3.4,-0.36,-0.47,1.0,3.0,1.0,4.0,1,1
6.0,1.0,31.0,2.2,0.21,-1.54,1.0,4.0,1.0,1.0,0,0
1.0,1.0,40.0,3.7,-1.37,-1.45,1.0,3.0,1.0,5.0,1,1
8.0,5.0,40.0,2.9,0.76,0.0,1.0,4.0,1.0,4.0,1,1
10.0,10.0,46.0,3.1,1.36,1.79,1.0,4.0,1.0,5.0,1,1
10.0,10.0,40.0,3.6,1.57,1.6,1.0,3.0,1.0,4.0,1,1
10.0,10.0,40.0,3.5,1.33,1.87,1.0,5.0,0.0,3.0,1,1
1.0,1.0,24.0,2.6,-2.07,-2.06,1.0,3.0,0.0,4.0,0,0
9.0,9.0,39.0,2.9,0.92,1.23,1.0,4.0,0.0,4.0,1,1
4.0,6.0,42.0,3.4,-0.4,0.21,1.0,2.0,0.0,4.0,1,1
1.0,1.0,33.0,2.6,-1.35,-1.3,2.0,4.0,0.0,5.0,0,0
2.0,2.0,34.0,2.9,-1.01,-0.91,1.0,4.0,0.0,3.0,0,0
10.0,10.0,42.0,3.9,2.18,2.0,1.0,4.0,0.0,5.0,1,1
2.0,2.0,36.0,3.1,-1.02,-0.98,1.0,3.0,1.0,3.0,1,1
6.0,4.0,45.0,3.3,0.19,-0.46,1.0,4.0,1.0,4.0,1,1
3.0,6.0,35.0,3.8,-0.51,0.01,1.0,3.0,1.0,3.0,1,1
3.0,4.0,33.0,3.1,-0.49,-0.34,1.0,2.0,1.0,2.0,1,1
9.0,9.0,40.0,3.2,0.88,1.29,1.0,4.0,0.0,5.0,1,1
4.0,5.0,42.0,3.3,-0.24,-0.1,1.0,5.0,0.0,5.0,1,1
2.0,1.0,27.0,3.3,-1.14,-1.67,1.0,3.0,0.0,5.0,0,0
6.0,8.0,42.0,2.9,0.16,0.87,1.0,3.0,1.0,4.0,1,1
5.0,7.0,36.0,3.9,0.08,0.46,1.0,4.0,0.0,4.0,1,1
5.0,6.0,46.0,3.6,-0.07,0.1,1.0,4.0,0.0,6.0,1,1
10.0,10.0,40.0,3.8,1.94,1.72,1.0,3.0,0.0,3.0,1,1
6.0,8.0,42.0,3.7,0.3,0.85,1.0,3.0,1.0,4.0,1,1
4.0,3.0,37.0,3.2,-0.4,-0.82,1.0,3.0,0.0,3.0,1,1
3.0,4.0,39.0,3.3,-0.62,-0.42,1.0,4.0,0.0,4.0,1,1
10.0,7.0,38.0,2.8,1.45,0.48,1.0,4.0,1.0,3.0,1,1
8.0,7.0,41.0,3.5,0.58,0.32,1.0,3.0,0.0,5.0,1,1
1.0,1.0,34.0,3.5,-1.43,-1.42,1.0,5.0,0.0,5.0,1,0
7.0,9.0,28.0,3.9,0.6,1.13,1.0,2.0,1.0,1.0,1,1
8.0,9.0,35.5,2.5,0.85,0.94,2.0,4.0,1.0,5.0,1,1
1.0,1.0,40.0,3.1,-1.58,-2.05,1.0,4.0,1.0,3.0,1,1
1.0,1.0,45.0,3.5,-1.7,-1.38,1.0,4.0,1.0,5.0,1,1
9.0,9.0,36.0,3.3,1.04,1.12,1.0,4.0,0.0,3.0,1,1
1.0,1.0,46.0,3.7,-1.93,-2.0,1.0,4.0,0.0,5.0,1,1
7.0,5.0,38.0,2.9,0.4,-0.01,1.0,4.0,1.0,4.0,1,1
1.0,1.0,29.0,3.1,-1.55,-1.54,1.0,3.0,1.0,4.0,0,0
6.0,5.0,43.0,3.5,0.24,-0.2,1.0,4.0,1.0,5.0,1,1
9.0,8.0,45.0,2.6,1.04,0.89,1.0,4.0,1.0,1.0,1,1
2.0,1.0,36.0,3.4,-0.99,-1.52,1.0,2.0,1.0,4.0,0,0
4.0,5.0,39.0,4.0,-0.17,-0.23,1.0,3.0,0.0,4.0,1,1
7.0,8.0,32.0,3.4,0.46,0.83,1.0,4.0,0.0,2.0,1,1
3.0,3.0,41.0,3.0,-0.54,-0.7,1.0,4.0,0.0,4.0,1,1
8.0,9.0,38.0,3.4,0.84,1.08,1.0,4.0,1.0,3.0,1,1
6.0,5.0,38.0,2.8,0.21,-0.09,2.0,4.0,1.0,3.0,1,1
1.0,2.0,27.0,3.2,-1.33,-1.2,1.0,2.0,0.0,2.0,0,0
9.0,10.0,42.0,3.6,1.34,1.36,1.0,5.0,1.0,6.0,1,1
5.0,4.0,38.0,3.1,-0.07,-0.38,2.0,4.0,1.0,4.0,1,1
3.0,6.0,37.0,3.1,-0.44,-0.02,2.0,4.0,1.0,2.0,1,1
8.0,9.0,39.0,3.7,0.74,0.92,1.0,4.0,0.0,4.0,1,1
1.0,3.0,22.0,3.1,-1.63,-0.74,1.0,3.0,0.0,3.0,0,0
5.0,4.0,33.0,3.6,-0.05,-0.27,1.0,3.0,1.0,4.0,1,1
9.0,9.0,42.0,3.7,1.1,0.93,1.0,3.0,1.0,6.0,1,1
6.0,7.0,34.0,2.6,0.25,0.38,1.0,1.0,1.0,3.0,1,1
10.0,9.0,39.0,3.9,1.42,1.22,1.0,3.0,1.0,5.0,1,1
10.0,10.0,37.0,3.7,2.39,2.02,1.0,4.0,0.0,2.0,1,1
10.0,10.0,42.0,3.6,2.02,2.17,1.0,3.0,1.0,5.0,1,1
7.0,6.0,41.0,3.5,0.52,0.26,1.0,4.0,0.0,4.0,1,1
1.0,3.0,39.0,3.6,-1.27,-0.71,1.0,5.0,0.0,5.0,1,1
3.0,2.0,38.0,3.1,-0.63,-1.26,1.0,4.0,1.0,3.0,1,1
3.0,4.0,39.0,3.2,-0.67,-0.48,1.0,4.0,0.0,3.0,1,1
1.0,1.0,31.0,3.6,-1.13,-1.61,1.0,4.0,1.0,3.0,0,0
6.0,4.0,41.0,3.0,0.2,-0.55,1.0,4.0,0.0,3.0,1,1
3.0,5.0,41.5,3.4,-0.52,-0.17,1.0,5.0,1.0,5.0,1,1
8.0,9.0,43.0,3.5,0.9,0.92,1.0,4.0,1.0,4.0,1,1
6.0,8.0,35.0,3.0,0.12,0.57,1.0,4.0,0.0,3.0,1,1
6.0,7.0,23.0,3.3,0.35,0.43,1.0,4.0,0.0,1.0,0,0
2.0,5.0,38.0,3.5,-0.88,-0.15,1.0,3.0,0.0,4.0,1,1
8.0,7.0,39.0,3.0,0.59,0.3,1.0,4.0,1.0,3.0,1,1
7.0,7.0,40.0,3.6,0.54,0.38,2.0,4.0,0.0,5.0,1,1
2.0,2.0,42.0,3.1,-1.05,-1.15,2.0,3.0,1.0,4.0,1,1
5.0,5.0,37.0,3.5,0.06,-0.02,1.0,3.0,0.0,4.0,1,1
5.0,6.0,38.0,3.3,-0.13,0.18,1.0,3.0,1.0,4.0,1,1
9.0,5.0,36.0,2.8,0.97,-0.22,1.0,3.0,1.0,3.0,1,1
4.0,4.0,32.0,3.7,-0.22,-0.5,1.0,3.0,1.0,3.0,1,1
10.0,10.0,28.5,2.8,1.49,2.73,1.0,3.0,0.0,1.0,1,1
6.0,5.0,46.0,3.3,0.24,-0.21,1.0,2.0,1.0,4.0,1,1
10.0,10.0,42.0,3.5,2.22,2.41,1.0,4.0,1.0,5.0,1,1
3.0,5.0,36.0,3.6,-0.73,-0.15,1.0,3.0,0.0,4.0,1,1
3.0,6.0,33.0,3.7,-0.55,0.01,1.0,3.0,0.0,1.0,0,1
6.0,7.0,35.0,3.4,0.05,0.39,1.0,4.0,1.0,2.0,1,1
6.0,6.0,35.0,3.7,0.17,0.1,1.0,4.0,1.0,4.0,1,1
10.0,10.0,43.0,3.4,2.11,1.96,1.0,3.0,0.0,4.0,1,1
1.0,2.0,22.0,2.7,-1.42,-1.3,2.0,3.0,0.0,4.0,0,0
8.0,9.0,34.0,3.0,0.74,0.95,1.0,5.0,0.0,3.0,1,1
10.0,10.0,38.0,3.4,1.97,2.19,1.0,3.0,0.0,3.0,1,1
4.0,6.0,39.0,3.1,-0.21,0.17,1.0,3.0,1.0,4.0,1,1
7.0,4.0,38.0,3.0,0.51,-0.49,1.0,4.0,1.0,3.0,1,1
7.0,8.0,42.0,3.7,0.48,0.63,1.0,4.0,0.0,6.0,1,1
8.0,8.0,43.0,3.4,0.81,0.72,1.0,4.0,1.0,5.0,1,1
1.0,2.0,33.0,3.0,-1.3,-1.2,1.0,4.0,1.0,4.0,1,1
6.0,6.0,41.0,3.3,0.35,0.05,1.0,4.0,0.0,1.0,1,1
3.0,2.0,27.0,3.3,-0.59,-1.0,1.0,4.0,1.0,2.0,1,1
6.0,4.0,32.0,3.3,0.17,-0.51,1.0,5.0,0.0,3.0,1,1
7.0,8.0,37.0,3.4,0.37,0.61,2.0,3.0,1.0,5.0,1,1
8.0,7.0,38.0,3.0,0.66,0.38,1.0,4.0,1.0,4.0,1,1
8.0,7.0,40.0,4.0,0.86,0.42,1.0,2.0,0.0,4.0,1,1
4.0,3.0,43.0,2.7,-0.18,-0.78,1.0,3.0,1.0,4.0,1,1
2.0,4.0,41.0,3.7,-1.14,-0.38,1.0,4.0,1.0,4.0,1,1
6.0,7.0,42.0,3.7,0.29,0.3,1.0,3.0,0.0,4.0,1,1
1.0,2.0,33.0,3.3,-1.36,-1.11,1.0,3.0,0.0,3.0,1,1
4.0,4.0,31.5,2.7,-0.32,-0.45,1.0,4.0,1.0,3.0,1,1
6.0,6.0,33.0,3.3,0.21,0.25,1.0,4.0,1.0,3.0,1,1
9.0,8.0,39.0,3.0,0.93,0.74,1.0,5.0,0.0,4.0,1,1
8.0,8.0,43.0,3.0,0.6,0.84,1.0,1.0,0.0,3.0,1,1
3.0,4.0,36.0,2.8,-0.69,-0.48,1.0,5.0,0.0,5.0,1,1
10.0,10.0,45.0,3.6,1.54,1.5,1.0,4.0,1.0,5.0,1,1
7.0,7.0,37.0,3.2,0.42,0.31,1.0,3.0,1.0,4.0,1,1
2.0,1.0,26.0,2.3,-1.0,-1.58,1.0,3.0,0.0,2.0,0,0
6.0,7.0,29.0,3.4,0.09,0.49,1.0,3.0,1.0,2.0,1,1
1.0,5.0,21.5,3.2,-1.32,-0.28,2.0,2.0,1.0,3.0,0,0
10.0,10.0,46.0,2.7,1.94,2.38,1.0,3.0,1.0,4.0,1,1
6.0,8.0,45.0,3.5,0.23,0.62,1.0,4.0,1.0,4.0,1,1
10.0,10.0,43.0,3.4,2.88,1.69,2.0,3.0,1.0,5.0,1,1
4.0,5.0,38.0,3.9,-0.43,-0.2,1.0,1.0,1.0,2.0,1,1
8.0,9.0,37.0,3.0,0.72,1.14,1.0,4.0,1.0,4.0,1,1
10.0,10.0,35.0,2.7,1.49,1.63,1.0,4.0,1.0,2.0,1,1
5.0,3.0,25.0,2.7,-0.02,-0.74,1.0,2.0,1.0,4.0,1,1
1.0,1.0,34.0,2.9,-1.37,-1.46,1.0,3.0,1.0,3.0,0,0
4.0,6.0,38.0,3.4,-0.25,0.23,1.0,4.0,1.0,3.0,1,1
2.0,2.0,32.0,3.5,-0.79,-0.96,2.0,4.0,0.0,3.0,1,1
7.0,4.0,28.0,3.7,0.38,-0.49,1.0,4.0,0.0,5.0,1,0
4.0,5.0,40.0,3.5,-0.27,-0.26,1.0,3.0,0.0,4.0,1,1
7.0,8.0,40.0,3.4,0.38,0.63,1.0,4.0,1.0,5.0,1,1
3.0,3.0,33.0,3.1,-0.52,-0.76,2.0,3.0,1.0,3.0,1,1
3.0,6.0,37.0,3.7,-0.5,0.17,1.0,4.0,0.0,4.0,1,1
9.0,10.0,40.0,3.3,1.27,1.9,1.0,4.0,1.0,3.0,1,1
5.0,6.0,37.0,3.0,-0.12,0.17,1.0,2.0,1.0,5.0,1,1
5.0,8.0,37.0,2.9,-0.03,0.62,1.0,4.0,0.0,3.0,1,1
2.0,5.0,25.0,2.6,-0.65,-0.06,1.0,5.0,0.0,1.0,1,1
3.0,2.0,23.5,2.6,-0.51,-1.0,1.0,3.0,0.0,2.0,0,0
5.0,4.0,26.0,3.3,0.07,-0.3,1.0,4.0,0.0,4.0,1,1
9.0,10.0,44.0,3.8,1.17,1.46,1.0,4.0,1.0,5.0,1,1
3.0,3.0,31.0,3.5,-0.59,-0.81,1.0,4.0,1.0,4.0,1,1
10.0,10.0,39.0,3.9,2.18,2.02,1.0,4.0,0.0,3.0,1,1
4.0,6.0,30.0,2.1,-0.17,0.07,2.0,3.0,0.0,3.0,0,0
3.0,3.0,36.0,3.3,-0.46,-0.64,1.0,1.0,1.0,3.0,1,1
4.0,3.0,34.0,3.3,-0.29,-0.74,1.0,4.0,0.0,3.0,1,1
10.0,10.0,45.0,3.6,2.05,1.59,1.0,5.0,1.0,6.0,1,1
3.0,2.0,34.0,3.5,-0.44,-1.22,1.0,4.0,0.0,3.0,1,1
7.0,6.0,29.0,4.0,0.36,0.04,1.0,2.0,0.0,3.0,0,0
5.0,6.0,41.0,3.9,-0.04,0.05,1.0,4.0,1.0,6.0,1,1
9.0,9.0,35.0,3.4,0.91,0.95,1.0,2.0,1.0,4.0,1,1
7.0,7.0,35.0,3.3,0.49,0.32,1.0,4.0,0.0,3.0,1,1
1.0,1.0,23.5,2.6,-1.79,-1.79,1.0,3.0,0.0,4.0,0,0
4.0,3.0,43.0,3.8,-0.26,-0.54,1.0,4.0,0.0,6.0,1,1
5.0,6.0,47.0,3.4,-0.06,0.05,1.0,4.0,1.0,4.0,1,1
7.0,5.0,34.0,3.4,0.61,-0.09,1.0,2.0,1.0,4.0,1,1
6.0,6.0,40.0,3.6,0.28,0.03,1.0,4.0,1.0,3.0,1,1
7.0,8.0,37.0,3.7,0.59,0.75,1.0,3.0,0.0,4.0,1,1
4.0,6.0,37.0,3.8,-0.26,0.21,1.0,4.0,1.0,5.0,1,1
7.0,8.0,35.0,3.2,0.43,0.75,1.0,3.0,1.0,3.0,1,1
10.0,10.0,46.0,3.2,2.61,2.07,1.0,2.0,1.0,3.0,1,1
10.0,10.0,33.0,3.4,2.03,2.09,1.0,3.0,0.0,3.0,1,1
1.0,1.0,32.0,2.7,-1.73,-2.16,2.0,3.0,1.0,3.0,0,0
2.0,2.0,35.0,3.6,-0.98,-0.92,1.0,3.0,1.0,6.0,1,1
3.0,4.0,28.0,3.7,-0.44,-0.35,1.0,2.0,0.0,3.0,1,1
5.0,5.0,42.0,3.0,0.09,-0.21,1.0,4.0,1.0,4.0,1,1
1.0,1.0,42.0,3.5,-1.64,-1.76,1.0,4.0,0.0,5.0,1,1
9.0,8.0,40.0,3.9,1.2,0.67,1.0,3.0,0.0,4.0,1,1
8.0,7.0,36.0,3.6,0.85,0.39,1.0,4.0,0.0,3.0,1,1
4.0,4.0,41.0,2.8,-0.39,-0.46,1.0,3.0,1.0,3.0,1,1
8.0,5.0,41.0,3.4,0.85,-0.08,1.0,3.0,1.0,3.0,1,1
9.0,9.0,47.0,3.2,1.11,1.03,1.0,1.0,1.0,5.0,1,1
4.0,3.0,40.0,3.4,-0.2,-0.73,1.0,4.0,1.0,4.0,1,1
5.0,1.0,34.0,3.1,-0.08,-1.35,1.0,3.0,0.0,3.0,1,1
1.0,1.0,33.0,2.7,-1.69,-1.86,1.0,3.0,1.0,4.0,0,0
1.0,8.0,26.5,2.9,-1.65,0.6,1.0,4.0,0.0,3.0,1,1
8.0,4.0,40.0,3.2,0.71,-0.39,1.0,4.0,1.0,5.0,1,1
10.0,9.0,33.0,3.8,1.52,1.28,1.0,3.0,0.0,3.0,1,1
8.0,7.0,44.0,3.6,0.82,0.47,1.0,4.0,1.0,6.0,1,1
2.0,2.0,38.0,3.2,-1.05,-1.2,1.0,4.0,1.0,4.0,1,1
7.0,10.0,40.0,3.3,0.33,1.39,1.0,3.0,1.0,2.0,1,1
3.0,3.0,40.0,3.5,-0.56,-0.6,1.0,4.0,0.0,5.0,1,1
1.0,2.0,31.0,3.4,-1.09,-1.17,1.0,3.0,0.0,2.0,1,1
10.0,10.0,33.0,3.5,1.41,1.36,1.0,4.0,1.0,4.0,1,1
7.0,5.0,40.0,3.1,0.45,-0.23,1.0,3.0,0.0,4.0,1,1
9.0,9.0,41.0,3.1,0.87,1.05,1.0,4.0,1.0,3.0,1,1
6.0,5.0,43.0,3.0,0.2,-0.07,1.0,1.0,0.0,6.0,1,1
2.0,2.0,46.0,3.3,-1.04,-0.88,1.0,3.0,1.0,5.0,1,1
5.0,5.0,38.0,3.2,-0.01,-0.18,1.0,3.0,0.0,4.0,1,1
1.0,1.0,36.0,3.0,-1.27,-1.48,1.0,2.0,1.0,4.0,1,1
1.0,2.0,34.0,2.4,-1.18,-1.14,1.0,3.0,1.0,5.0,1,1
9.0,10.0,44.0,2.9,0.92,1.62,1.0,3.0,1.0,3.0,1,1
7.0,6.0,39.0,2.4,0.51,0.24,1.0,5.0,1.0,3.0,1,1
2.0,1.0,28.5,2.6,-0.95,-1.35,1.0,4.0,0.0,3.0,1,1
5.0,5.0,35.0,2.7,-0.03,-0.2,1.0,4.0,1.0,3.0,1,1
4.0,6.0,42.0,3.7,-0.24,0.11,1.0,2.0,1.0,4.0,1,1
10.0,10.0,36.0,3.0,1.46,1.52,1.0,4.0,1.0,3.0,1,1
7.0,9.0,45.0,3.5,0.49,0.91,1.0,4.0,1.0,5.0,1,1
3.0,4.0,39.0,2.9,-0.81,-0.5,1.0,3.0,1.0,6.0,1,1
10.0,10.0,40.0,2.9,1.51,1.77,1.0,4.0,1.0,3.0,1,1
8.0,8.0,37.0,3.8,0.77,0.71,1.0,3.0,0.0,3.0,1,1
8.0,7.0,25.5,2.7,0.73,0.5,1.0,2.0,1.0,3.0,1,1
7.0,6.0,39.0,3.6,0.32,0.25,1.0,4.0,0.0,3.0,1,1
6.0,6.0,42.0,3.5,0.24,0.03,1.0,3.0,1.0,4.0,1,1
1.0,2.0,34.0,2.3,-0.98,-0.98,1.0,3.0,1.0,1.0,0,0
2.0,5.0,45.0,3.8,-0.89,-0.15,1.0,3.0,0.0,5.0,1,1
7.0,8.0,39.0,3.2,0.41,0.68,1.0,1.0,0.0,3.0,1,1
3.0,4.0,32.5,2.3,-0.51,-0.31,2.0,2.0,0.0,3.0,1,1
9.0,9.0,44.0,4.0,1.39,0.99,1.0,4.0,0.0,6.0,1,1
2.0,2.0,20.0,3.0,-1.02,-1.23,1.0,3.0,0.0,3.0,0,0
5.0,6.0,34.0,3.0,-0.14,-0.01,1.0,4.0,1.0,3.0,1,1
5.0,7.0,33.0,2.8,-0.07,0.37,1.0,4.0,1.0,3.0,1,1
8.0,10.0,32.5,2.4,0.67,1.57,1.0,3.0,1.0,3.0,1,1
3.0,3.0,42.0,3.3,-0.43,-0.69,1.0,4.0,0.0,3.0,1,1
8.0,9.0,35.0,2.4,0.59,1.23,1.0,4.0,1.0,2.0,1,1
2.0,2.0,35.0,2.6,-0.8,-1.09,1.0,3.0,1.0,3.0,1,1
6.0,9.0,39.5,3.5,0.2,1.07,1.0,4.0,1.0,4.0,1,1
5.0,4.0,34.5,3.3,0.05,-0.4,1.0,4.0,1.0,3.0,1,1
7.0,5.0,32.0,3.4,0.53,-0.13,2.0,4.0,0.0,2.0,1,0
2.0,3.0,25.5,2.4,-0.8,-0.64,1.0,3.0,0.0,3.0,0,0
2.0,3.0,40.0,3.7,-1.06,-0.82,2.0,3.0,1.0,3.0,1,1
9.0,9.0,37.0,3.3,1.04,1.24,1.0,3.0,0.0,4.0,1,1
3.0,2.0,31.0,3.4,-0.54,-1.03,1.0,4.0,0.0,3.0,1,1
2.0,3.0,33.5,3.3,-0.8,-0.77,2.0,3.0,1.0,2.0,0,0
10.0,10.0,36.0,3.4,1.66,1.81,1.0,4.0,1.0,3.0,1,1
7.0,6.0,36.0,2.9,0.32,0.21,2.0,3.0,1.0,3.0,1,1
1.0,1.0,29.0,2.5,-1.26,-1.54,1.0,4.0,0.0,5.0,0,0
6.0,3.0,32.0,3.1,0.07,-0.69,1.0,4.0,0.0,3.0,1,1
9.0,7.0,40.0,3.3,1.2,0.32,1.0,3.0,0.0,3.0,1,1
6.0,7.0,37.0,3.4,0.16,0.37,1.0,3.0,1.0,3.0,1,1
1.0,1.0,27.0,3.3,-1.52,-1.77,1.0,2.0,0.0,4.0,0,0
7.0,7.0,34.0,3.6,0.47,0.47,1.0,4.0,1.0,3.0,1,1
2.0,1.0,30.0,2.3,-0.93,-1.63,1.0,3.0,1.0,4.0,0,0
9.0,10.0,37.0,3.9,1.23,1.43,1.0,2.0,0.0,3.0,1,1
7.0,7.0,43.0,3.9,0.47,0.38,1.0,3.0,1.0,4.0,1,1
3.0,3.0,44.0,3.5,-0.67,-0.69,1.0,4.0,1.0,6.0,1,1
6.0,7.0,36.0,3.5,0.3,0.38,1.0,2.0,1.0,3.0,1,1
2.0,1.0,41.0,2.5,-0.89,-1.46,1.0,3.0,1.0,3.0,0,0
5.0,5.0,35.0,3.0,0.02,-0.31,1.0,3.0,1.0,2.0,1,1
1.0,1.0,28.0,3.1,-2.16,-2.13,1.0,2.0,1.0,4.0,0,0
10.0,4.0,44.0,3.1,1.35,-0.31,1.0,4.0,1.0,3.0,1,1
9.0,6.0,34.0,3.4,1.07,0.05,1.0,3.0,1.0,3.0,1,1
1.0,1.0,15.5,2.9,-1.3,-1.62,1.0,3.0,0.0,3.0,0,0
3.0,3.0,44.0,3.8,-0.55,-0.63,1.0,3.0,1.0,4.0,1,1
4.0,9.0,39.0,3.7,-0.39,0.95,1.0,2.0,0.0,3.0,1,1
1.0,3.0,32.0,2.3,-1.09,-0.75,1.0,2.0,0.0,2.0,0,0
8.0,6.0,32.5,4.0,0.88,0.22,1.0,4.0,0.0,4.0,1,1
6.0,10.0,38.0,3.2,0.25,2.72,1.0,4.0,0.0,5.0,1,1
3.0,2.0,48.0,3.7,-0.62,-0.92,1.0,3.0,1.0,6.0,1,1
4.0,4.0,38.0,3.4,-0.21,-0.55,1.0,4.0,0.0,3.0,1,1
4.0,2.0,35.0,3.3,-0.32,-1.17,1.0,2.0,0.0,3.0,1,1
6.0,7.0,39.0,3.3,0.13,0.27,1.0,5.0,0.0,5.0,1,1
10.0,9.0,32.0,3.2,1.4,0.88,1.0,2.0,1.0,3.0,1,1
5.0,4.0,33.0,3.4,-0.15,-0.29,1.0,3.0,0.0,3.0,1,1
7.0,10.0,39.0,2.6,0.43,1.34,1.0,2.0,1.0,3.0,1,1
2.0,3.0,39.0,3.5,-0.99,-0.73,1.0,4.0,1.0,5.0,1,1
5.0,4.0,38.0,3.2,0.0,-0.36,2.0,3.0,1.0,5.0,0,0
1.0,4.0,26.5,3.4,-1.44,-0.44,1.0,2.0,0.0,2.0,1,0
3.0,2.0,30.0,3.7,-0.62,-0.98,1.0,3.0,1.0,5.0,1,1
