decile1b,decile3,lsat,ugpa,zfygpa,zgpa,fulltime,fam_inc,male,tier,SensitiveAttr,Label
1.0,2.0,41.0,3.1,-1.35,-0.98,1.0,3.0,1.0,3.0,1,1
9.0,9.0,41.0,3.1,1.11,1.08,1.0,3.0,1.0,5.0,1,1
2.0,1.0,40.0,2.9,-0.89,-1.42,1.0,3.0,0.0,4.0,1,1
9.0,8.0,41.0,3.7,0.95,0.87,1.0,3.0,0.0,4.0,1,1
5.0,3.0,32.0,3.2,0.04,-0.63,1.0,2.0,0.0,2.0,1,0
6.0,7.0,39.0,3.1,0.22,0.32,1.0,3.0,1.0,3.0,1,1
3.0,3.0,43.0,3.2,-0.66,-0.66,2.0,4.0,1.0,5.0,1,1
6.0,5.0,39.0,3.0,0.11,-0.21,1.0,2.0,0.0,5.0,1,1
10.0,10.0,43.0,3.2,2.21,1.62,1.0,3.0,0.0,5.0,1,1
4.0,4.0,40.0,3.2,-0.26,-0.45,1.0,4.0,1.0,3.0,1,1
4.0,5.0,41.0,3.3,-0.26,-0.25,1.0,4.0,1.0,3.0,1,1
1.0,3.0,29.0,3.2,-1.37,-0.6,2.0,4.0,0.0,3.0,1,1
7.0,7.0,37.0,3.2,0.42,0.31,1.0,3.0,1.0,4.0,1,1
7.0,3.0,28.0,3.3,0.59,-0.62,1.0,4.0,1.0,4.0,1,1
6.0,8.0,36.0,3.1,0.16,0.59,1.0,4.0,0.0,3.0,1,1
5.0,6.0,38.0,3.7,-0.02,0.14,1.0,4.0,0.0,3.0,1,1
4.0,8.0,32.0,3.1,-0.37,0.67,1.0,4.0,1.0,3.0,1,1
2.0,3.0,20.0,3.1,-0.77,-0.68,1.0,3.0,0.0,1.0,0,0
4.0,5.0,42.0,3.1,-0.26,-0.06,1.0,2.0,1.0,4.0,1,1
2.0,4.0,41.0,2.8,-0.79,-0.38,1.0,3.0,0.0,4.0,1,1
6.0,7.0,35.0,3.5,0.07,0.31,1.0,4.0,0.0,3.0,1,1
3.0,4.0,39.0,2.8,-0.49,-0.53,1.0,3.0,1.0,3.0,1,1
5.0,4.0,37.0,3.3,0.03,-0.37,1.0,3.0,1.0,3.0,1,1
6.0,6.0,33.0,3.6,0.24,0.11,1.0,4.0,0.0,4.0,1,1
6.0,4.0,39.0,3.7,0.27,-0.5,1.0,3.0,0.0,3.0,1,1
5.0,2.0,34.5,2.9,-0.17,-1.2,1.0,4.0,1.0,3.0,1,0
8.0,9.0,38.0,3.6,0.57,0.99,2.0,4.0,0.0,5.0,1,1
8.0,6.0,33.0,3.5,0.66,0.14,1.0,3.0,1.0,4.0,1,1
5.0,6.0,30.0,2.8,0.05,0.06,1.0,2.0,0.0,1.0,0,0
9.0,6.0,30.0,3.2,0.98,0.08,2.0,4.0,0.0,3.0,1,1
9.0,7.0,33.0,3.3,0.94,0.52,1.0,3.0,1.0,3.0,1,1
1.0,1.0,35.0,3.2,-1.27,-1.4,1.0,4.0,0.0,3.0,1,1
3.0,3.0,40.0,3.4,-0.43,-0.81,1.0,5.0,1.0,3.0,1,1
10.0,10.0,34.5,3.5,1.89,1.7,1.0,3.0,1.0,4.0,1,1
10.0,10.0,37.5,3.3,1.66,2.26,1.0,3.0,1.0,3.0,1,1
9.0,7.0,30.0,2.5,1.04,0.39,1.0,4.0,1.0,2.0,1,1
3.0,1.0,35.5,3.4,-0.54,-2.27,1.0,3.0,1.0,5.0,0,0
2.0,2.0,35.0,2.5,-0.98,-1.11,1.0,2.0,1.0,5.0,0,0
3.0,6.0,36.0,2.9,-0.44,0.21,1.0,4.0,0.0,3.0,1,1
7.0,9.0,41.0,3.8,0.47,0.89,1.0,4.0,0.0,4.0,1,1
7.0,8.0,35.0,3.8,0.48,0.75,1.0,3.0,0.0,4.0,1,1
7.0,3.0,34.0,2.9,0.33,-0.73,1.0,2.0,0.0,3.0,1,1
5.0,7.0,48.0,3.7,-0.15,0.39,1.0,5.0,0.0,5.0,1,1
6.0,5.0,34.0,2.8,0.22,-0.05,1.0,3.0,0.0,3.0,1,1
6.0,8.0,42.0,3.5,0.13,0.76,1.0,4.0,0.0,6.0,1,1
3.0,4.0,42.0,3.5,-0.52,-0.38,1.0,4.0,0.0,5.0,1,1
9.0,10.0,47.0,3.8,1.06,1.3,1.0,2.0,1.0,4.0,1,1
4.0,1.0,33.5,3.4,-0.22,-1.37,1.0,4.0,1.0,4.0,1,1
10.0,10.0,48.0,3.9,1.92,1.31,1.0,4.0,1.0,5.0,1,1
5.0,4.0,34.0,3.0,-0.15,-0.4,1.0,4.0,1.0,3.0,1,1
6.0,3.0,40.0,3.2,0.08,-0.57,1.0,4.0,0.0,3.0,1,1
4.0,4.0,31.0,3.4,-0.36,-0.47,1.0,3.0,1.0,4.0,1,1
1.0,1.0,37.5,3.0,-1.42,-1.46,2.0,4.0,0.0,5.0,0,1
8.0,8.0,42.0,3.4,0.8,0.57,1.0,5.0,1.0,4.0,1,1
6.0,5.0,43.0,3.9,0.08,-0.23,1.0,4.0,1.0,5.0,1,1
10.0,10.0,41.0,3.7,1.5,1.74,1.0,3.0,1.0,4.0,1,1
7.0,8.0,37.0,2.8,0.48,0.81,1.0,4.0,0.0,3.0,1,1
9.0,9.0,41.0,3.5,0.89,0.94,1.0,4.0,0.0,5.0,1,1
6.0,7.0,35.0,2.8,0.15,0.54,1.0,4.0,0.0,3.0,1,1
8.0,9.0,39.0,3.6,0.75,0.91,1.0,3.0,1.0,5.0,1,1
5.0,5.0,42.0,2.9,-0.15,-0.14,1.0,4.0,1.0,3.0,1,1
4.0,5.0,35.0,3.0,-0.18,-0.16,1.0,3.0,0.0,3.0,1,1
3.0,5.0,41.0,3.6,-0.47,-0.14,1.0,3.0,0.0,5.0,1,1
4.0,4.0,29.5,3.5,-0.21,-0.52,1.0,4.0,0.0,3.0,1,1
8.0,8.0,31.0,3.3,0.85,0.66,1.0,3.0,1.0,3.0,1,1
8.0,9.0,38.0,3.6,0.9,1.12,1.0,3.0,1.0,4.0,1,1
6.0,6.0,25.3,3.1,0.09,0.05,1.0,4.0,1.0,3.0,1,1
1.0,1.0,33.0,3.3,-1.74,-1.42,1.0,3.0,1.0,3.0,1,1
1.0,2.0,35.0,3.6,-1.22,-0.95,2.0,4.0,0.0,3.0,1,1
8.0,8.0,37.0,3.2,0.74,0.79,1.0,3.0,1.0,4.0,1,1
3.0,2.0,41.0,2.5,-0.5,-1.16,1.0,4.0,1.0,3.0,1,0
7.0,6.0,43.0,3.4,0.54,0.1,1.0,3.0,1.0,3.0,1,1
3.0,2.0,32.0,2.7,-0.66,-0.97,1.0,3.0,1.0,2.0,1,1
8.0,10.0,39.0,3.2,0.85,1.46,1.0,4.0,1.0,3.0,1,1
10.0,10.0,43.0,2.8,1.46,1.47,1.0,4.0,0.0,4.0,1,1
1.0,2.0,28.0,3.0,-1.2,-1.05,1.0,2.0,1.0,4.0,0,0
3.0,5.0,30.5,3.4,-0.44,-0.26,1.0,4.0,1.0,2.0,1,1
4.0,6.0,33.5,3.3,-0.23,0.11,1.0,4.0,0.0,5.0,1,1
9.0,9.0,37.0,2.9,1.16,1.08,1.0,3.0,1.0,3.0,1,1
6.0,6.0,46.0,3.7,0.24,0.1,1.0,4.0,0.0,6.0,1,1
8.0,5.0,31.0,3.1,0.56,-0.17,1.0,3.0,1.0,2.0,1,1
9.0,9.0,42.0,3.9,1.06,1.08,1.0,4.0,1.0,4.0,1,1
3.0,3.0,42.0,3.8,-0.78,-0.51,1.0,3.0,1.0,6.0,1,1
9.0,9.0,35.0,3.2,1.23,1.15,1.0,4.0,1.0,3.0,1,1
10.0,10.0,44.0,3.0,2.61,2.35,1.0,4.0,1.0,4.0,1,1
2.0,1.0,42.0,2.8,-0.89,-1.39,1.0,2.0,1.0,4.0,1,1
10.0,10.0,39.0,3.8,1.92,2.06,1.0,4.0,1.0,5.0,1,1
7.0,7.0,38.0,3.3,0.44,0.5,1.0,4.0,1.0,3.0,1,1
3.0,4.0,39.0,3.2,-0.65,-0.44,1.0,3.0,0.0,3.0,1,1
7.0,10.0,44.0,3.9,0.44,1.31,1.0,3.0,1.0,5.0,1,1
4.0,5.0,46.0,3.9,-0.22,-0.06,1.0,5.0,1.0,6.0,1,1
4.0,4.0,31.0,3.2,-0.34,-0.51,1.0,3.0,0.0,4.0,1,1
8.0,8.0,37.0,3.0,0.63,0.74,1.0,5.0,0.0,3.0,1,1
3.0,3.0,34.0,3.1,-0.7,-0.68,1.0,4.0,1.0,3.0,1,1
3.0,4.0,32.5,2.8,-0.67,-0.43,1.0,3.0,1.0,3.0,1,1
4.0,5.0,34.0,2.8,-0.35,-0.17,1.0,4.0,0.0,2.0,1,1
7.0,5.0,29.0,2.5,0.55,-0.15,1.0,4.0,0.0,3.0,1,1
5.0,3.0,37.0,3.5,-0.09,-0.58,1.0,4.0,1.0,5.0,1,1
6.0,7.0,45.0,3.6,0.23,0.5,1.0,4.0,0.0,5.0,1,1
9.0,8.0,33.0,3.6,0.9,0.73,1.0,3.0,1.0,2.0,1,1
9.0,9.0,32.0,3.5,0.96,1.06,1.0,4.0,0.0,4.0,1,1
7.0,9.0,42.0,3.9,0.5,1.1,1.0,4.0,0.0,5.0,1,1
10.0,10.0,44.0,2.9,1.59,1.42,1.0,3.0,0.0,4.0,1,1
8.0,8.0,42.0,2.7,0.68,0.86,1.0,5.0,1.0,3.0,1,1
7.0,8.0,40.0,3.9,0.6,0.77,1.0,3.0,1.0,4.0,1,1
8.0,9.0,37.0,1.7,0.82,0.87,1.0,3.0,1.0,3.0,1,1
6.0,5.0,31.0,3.0,0.17,-0.08,1.0,3.0,0.0,3.0,1,1
1.0,1.0,38.0,3.1,-1.55,-1.44,1.0,3.0,0.0,4.0,1,1
10.0,3.0,40.0,2.5,1.77,-0.52,1.0,4.0,1.0,6.0,1,1
5.0,4.0,35.0,2.7,-0.02,-0.46,1.0,4.0,0.0,3.0,1,1
2.0,1.0,32.0,3.5,-1.09,-1.44,2.0,3.0,0.0,3.0,1,1
3.0,5.0,35.0,2.9,-0.56,-0.12,2.0,4.0,0.0,5.0,1,1
8.0,8.0,33.0,3.4,0.86,0.65,1.0,3.0,0.0,3.0,1,0
10.0,10.0,45.0,3.4,2.09,2.13,1.0,4.0,0.0,3.0,1,0
6.0,5.0,45.0,2.9,0.09,-0.06,1.0,2.0,1.0,4.0,1,1
7.0,8.0,34.0,3.4,0.58,0.75,1.0,3.0,1.0,4.0,1,1
9.0,9.0,30.0,3.8,1.18,0.88,1.0,3.0,0.0,3.0,1,1
7.0,4.0,32.0,2.4,0.39,-0.37,1.0,4.0,0.0,3.0,1,1
7.0,5.0,32.0,2.3,0.48,-0.1,2.0,5.0,1.0,3.0,1,1
10.0,10.0,39.0,3.3,1.79,1.6,1.0,3.0,1.0,4.0,1,1
1.0,3.0,34.0,3.6,-1.21,-0.8,1.0,4.0,0.0,4.0,1,1
3.0,5.0,31.5,2.9,-0.49,-0.23,1.0,4.0,1.0,2.0,1,1
2.0,3.0,41.0,2.9,-0.91,-0.88,1.0,2.0,0.0,4.0,1,1
2.0,1.0,36.0,2.6,-0.85,-1.4,1.0,3.0,0.0,2.0,1,0
7.0,6.0,40.0,3.4,0.42,0.19,1.0,3.0,0.0,4.0,1,1
7.0,8.0,29.5,3.5,0.39,0.68,1.0,3.0,0.0,3.0,1,1
10.0,10.0,41.0,4.0,1.3,1.59,1.0,4.0,0.0,3.0,1,1
4.0,5.0,41.0,4.0,-0.2,-0.07,1.0,4.0,1.0,4.0,1,1
3.0,5.0,41.0,3.5,-0.57,-0.09,1.0,4.0,1.0,3.0,1,1
1.0,2.0,31.0,2.4,-1.31,-1.26,1.0,3.0,0.0,4.0,0,1
9.0,8.0,45.0,3.6,1.2,0.81,1.0,2.0,1.0,6.0,1,1
3.0,4.0,37.5,3.6,-0.72,-0.53,1.0,4.0,0.0,4.0,1,1
5.0,6.0,38.0,3.3,0.07,0.21,1.0,4.0,1.0,6.0,1,1
6.0,5.0,33.0,3.3,0.24,-0.21,1.0,2.0,1.0,3.0,1,1
1.0,2.0,34.5,2.7,-1.34,-0.91,1.0,3.0,1.0,3.0,1,1
6.0,8.0,40.0,3.3,0.23,0.64,1.0,4.0,0.0,3.0,1,1
2.0,5.0,46.0,3.9,-1.15,-0.23,1.0,4.0,0.0,5.0,1,1
7.0,7.0,28.0,2.6,0.42,0.42,1.0,3.0,1.0,2.0,1,1
9.0,9.0,40.0,3.7,0.94,1.22,1.0,3.0,0.0,2.0,1,1
1.0,3.0,30.0,3.6,-1.21,-0.67,1.0,4.0,0.0,3.0,1,1
8.0,7.0,46.0,2.4,0.68,0.44,2.0,3.0,1.0,4.0,1,1
9.0,9.0,39.0,3.3,1.01,1.19,1.0,4.0,1.0,2.0,1,1
1.0,2.0,39.0,3.5,-1.22,-0.94,1.0,5.0,1.0,4.0,1,1
5.0,3.0,43.0,3.4,-0.11,-0.6,1.0,5.0,1.0,5.0,1,1
8.0,7.0,42.0,3.3,0.62,0.51,1.0,3.0,1.0,2.0,1,1
5.0,7.0,39.0,3.6,0.01,0.35,1.0,4.0,1.0,3.0,1,1
8.0,8.0,21.0,3.3,0.79,0.71,1.0,1.0,0.0,1.0,1,1
9.0,7.0,34.5,3.5,0.89,0.3,1.0,4.0,1.0,5.0,1,1
9.0,9.0,44.0,4.0,1.03,1.16,1.0,4.0,1.0,6.0,1,1
5.0,6.0,30.3,3.3,0.06,0.02,1.0,3.0,0.0,4.0,0,1
1.0,1.0,38.0,3.3,-1.38,-1.68,1.0,3.0,0.0,4.0,1,1
3.0,3.0,37.0,2.8,-0.54,-0.63,1.0,4.0,1.0,4.0,1,1
3.0,5.0,39.0,2.9,-0.54,-0.07,1.0,2.0,0.0,3.0,1,1
1.0,2.0,30.0,3.1,-1.21,-1.05,1.0,3.0,1.0,3.0,1,1
10.0,10.0,36.0,3.5,1.6,1.32,1.0,3.0,0.0,4.0,1,1
10.0,10.0,43.0,3.2,1.68,1.9,1.0,4.0,0.0,5.0,1,1
3.0,5.0,45.0,3.7,-0.79,-0.03,1.0,3.0,1.0,6.0,1,1
6.0,6.0,45.0,3.3,0.12,0.06,1.0,3.0,0.0,6.0,1,1
5.0,6.0,35.0,4.0,-0.16,0.04,1.0,3.0,0.0,5.0,1,1
6.0,6.0,34.0,3.5,0.07,0.05,1.0,4.0,0.0,3.0,1,0
2.0,1.0,36.0,3.2,-0.96,-1.25,1.0,4.0,1.0,2.0,1,1
9.0,8.0,34.0,3.3,1.31,0.76,1.0,4.0,0.0,4.0,1,1
3.0,5.0,30.0,2.8,-0.51,-0.23,2.0,4.0,0.0,5.0,1,1
3.0,4.0,36.0,3.4,-0.64,-0.32,1.0,4.0,0.0,6.0,1,1
5.0,5.0,35.0,3.1,-0.04,-0.21,1.0,4.0,0.0,3.0,1,1
1.0,2.0,24.0,3.3,-1.39,-1.01,1.0,2.0,1.0,2.0,0,1
9.0,10.0,31.0,3.6,0.91,1.7,1.0,4.0,0.0,5.0,1,1
4.0,2.0,37.0,3.4,-0.32,-1.05,2.0,2.0,1.0,4.0,1,1
10.0,10.0,44.0,2.8,1.63,1.5,1.0,3.0,0.0,5.0,1,1
6.0,8.0,40.0,3.4,0.14,0.56,1.0,3.0,0.0,4.0,1,1
9.0,8.0,36.0,3.2,1.02,0.57,1.0,4.0,0.0,4.0,1,1
3.0,3.0,44.0,3.8,-0.64,-0.65,1.0,4.0,0.0,5.0,1,1
2.0,1.0,38.0,3.0,-0.95,-2.14,1.0,3.0,0.0,3.0,1,0
4.0,7.0,26.0,3.2,-0.27,0.24,1.0,2.0,0.0,2.0,1,1
10.0,8.0,44.0,2.7,1.34,0.56,2.0,5.0,1.0,3.0,1,1
10.0,5.0,47.0,4.0,1.47,-0.14,1.0,4.0,1.0,5.0,1,1
1.0,1.0,36.0,3.7,-1.15,-1.35,1.0,3.0,1.0,4.0,1,1
4.0,5.0,44.0,3.6,-0.3,0.01,1.0,5.0,0.0,6.0,1,1
9.0,10.0,45.0,3.6,1.03,1.86,1.0,2.0,0.0,4.0,1,1
4.0,3.0,36.0,3.2,-0.38,-0.88,1.0,2.0,1.0,4.0,1,1
10.0,10.0,41.5,2.8,1.72,1.6,1.0,5.0,1.0,4.0,1,1
6.0,6.0,37.0,4.0,0.21,0.2,1.0,1.0,1.0,5.0,1,1
9.0,8.0,44.0,3.2,1.05,0.76,1.0,3.0,1.0,4.0,1,1
9.0,9.0,37.0,3.4,0.95,1.27,1.0,3.0,1.0,3.0,1,1
1.0,1.0,20.0,3.1,-1.44,-1.75,1.0,2.0,1.0,2.0,0,0
5.0,4.0,36.0,2.8,-0.19,-0.47,1.0,2.0,0.0,5.0,1,1
3.0,2.0,36.0,3.8,-0.45,-1.09,1.0,3.0,0.0,4.0,1,1
7.0,5.0,36.0,3.2,0.39,-0.21,1.0,3.0,0.0,4.0,1,1
1.0,2.0,38.0,2.8,-1.14,-0.94,1.0,4.0,1.0,3.0,1,1
3.0,5.0,41.0,3.6,-0.57,-0.03,1.0,3.0,1.0,4.0,1,1
3.0,5.0,34.0,3.1,-0.54,-0.24,1.0,4.0,1.0,5.0,1,1
3.0,3.0,34.0,3.6,-0.57,-0.82,2.0,4.0,1.0,5.0,1,1
3.0,3.0,43.0,3.4,-0.58,-0.75,1.0,4.0,0.0,5.0,1,0
8.0,6.0,36.5,3.8,0.6,0.15,1.0,3.0,1.0,3.0,1,1
2.0,2.0,44.0,3.9,-0.88,-0.9,1.0,3.0,0.0,6.0,1,1
7.0,7.0,37.0,2.8,0.54,0.46,1.0,3.0,0.0,5.0,1,1
6.0,6.0,24.0,2.6,0.17,0.23,1.0,5.0,1.0,1.0,1,1
8.0,7.0,33.0,3.7,0.62,0.3,1.0,3.0,0.0,4.0,1,0
7.0,7.0,38.0,2.3,0.41,0.5,1.0,5.0,1.0,3.0,1,1
6.0,4.0,44.0,3.6,0.14,-0.38,1.0,5.0,1.0,5.0,1,1
7.0,6.0,39.0,2.4,0.51,0.24,1.0,5.0,1.0,3.0,1,1
4.0,8.0,48.0,3.3,-0.19,0.61,1.0,4.0,0.0,3.0,1,1
5.0,6.0,42.0,3.3,0.05,0.12,1.0,4.0,1.0,3.0,1,1
8.0,9.0,37.5,3.0,0.81,0.91,1.0,3.0,0.0,3.0,1,1
5.0,8.0,39.0,3.9,-0.11,0.69,1.0,4.0,0.0,4.0,1,1
7.0,9.0,36.0,2.3,0.5,1.03,2.0,4.0,1.0,3.0,1,1
9.0,9.0,42.0,4.0,1.2,0.98,1.0,4.0,1.0,5.0,1,1
4.0,5.0,36.0,3.7,-0.31,-0.15,1.0,4.0,0.0,6.0,1,1
10.0,10.0,43.0,2.9,1.61,1.61,1.0,5.0,1.0,4.0,1,1
8.0,7.0,37.0,3.0,0.8,0.42,1.0,3.0,1.0,3.0,1,1
10.0,10.0,42.0,4.0,1.39,1.56,1.0,4.0,1.0,3.0,1,1
10.0,10.0,41.0,3.3,1.52,1.44,1.0,3.0,1.0,3.0,1,1
2.0,5.0,43.0,3.9,-0.99,-0.22,1.0,2.0,0.0,2.0,1,1
3.0,4.0,33.0,2.5,-0.64,-0.46,1.0,4.0,1.0,2.0,1,0
2.0,1.0,38.0,3.3,-1.14,-1.64,1.0,3.0,0.0,5.0,1,0
4.0,3.0,32.0,3.1,-0.21,-0.57,1.0,3.0,0.0,5.0,1,1
9.0,9.0,43.0,3.0,0.91,1.12,1.0,4.0,0.0,3.0,1,1
7.0,6.0,26.0,3.6,0.32,0.03,1.0,3.0,0.0,2.0,1,1
6.0,6.0,42.0,3.3,0.07,0.22,1.0,4.0,1.0,5.0,1,1
1.0,1.0,43.0,3.0,-1.38,-1.56,1.0,5.0,0.0,5.0,1,1
5.0,5.0,31.0,3.4,-0.03,-0.11,1.0,1.0,0.0,3.0,1,1
7.0,6.0,28.0,2.5,0.37,0.05,1.0,1.0,0.0,3.0,0,0
3.0,3.0,36.0,2.9,-0.59,-0.8,1.0,3.0,1.0,4.0,1,1
9.0,9.0,36.0,3.8,1.04,1.09,1.0,3.0,1.0,3.0,1,1
6.0,4.0,38.5,3.5,0.21,-0.44,1.0,4.0,1.0,4.0,1,1
9.0,10.0,39.0,3.8,0.94,1.3,1.0,4.0,1.0,5.0,1,1
10.0,9.0,39.0,2.9,1.62,1.11,1.0,3.0,1.0,3.0,1,1
2.0,2.0,36.5,3.4,-0.8,-0.87,1.0,2.0,0.0,5.0,1,0
7.0,7.0,42.0,3.7,0.34,0.35,1.0,3.0,0.0,5.0,1,1
7.0,6.0,39.0,3.2,0.48,0.1,1.0,5.0,0.0,5.0,1,1
7.0,7.0,40.0,3.0,0.34,0.33,1.0,3.0,1.0,3.0,1,1
2.0,3.0,33.0,3.1,-0.84,-0.64,1.0,4.0,1.0,3.0,1,1
6.0,8.0,39.0,3.6,0.16,0.78,2.0,3.0,0.0,4.0,1,1
4.0,2.0,33.0,2.5,-0.29,-1.06,1.0,3.0,1.0,2.0,1,1
7.0,9.0,44.0,3.9,0.38,0.85,1.0,4.0,1.0,6.0,1,1
3.0,2.0,31.0,2.7,-0.68,-0.92,1.0,4.0,0.0,3.0,0,0
9.0,9.0,41.0,3.6,1.05,0.94,1.0,3.0,0.0,3.0,1,1
4.0,3.0,37.0,3.2,-0.23,-0.57,1.0,4.0,1.0,4.0,1,1
7.0,6.0,40.0,3.4,0.45,0.23,1.0,3.0,0.0,3.0,1,1
3.0,3.0,33.0,3.2,-0.69,-0.69,1.0,4.0,1.0,3.0,1,1
5.0,3.0,34.5,3.0,-0.03,-0.64,1.0,2.0,1.0,3.0,1,1
3.0,5.0,40.0,2.2,-0.68,-0.14,1.0,3.0,1.0,3.0,1,1
2.0,2.0,34.0,3.1,-0.73,-0.99,1.0,2.0,1.0,4.0,1,1
9.0,9.0,39.0,3.8,1.25,1.24,1.0,3.0,0.0,5.0,1,1
3.0,4.0,37.0,3.5,-0.43,-0.29,1.0,4.0,0.0,4.0,1,1
8.0,9.0,39.0,3.7,0.74,0.92,1.0,4.0,0.0,4.0,1,1
9.0,9.0,37.5,2.9,0.96,1.3,1.0,4.0,1.0,3.0,1,1
7.0,7.0,37.0,2.7,0.52,0.51,1.0,4.0,1.0,5.0,1,1
4.0,5.0,42.0,3.8,-0.25,-0.21,1.0,4.0,1.0,4.0,1,1
7.0,7.0,46.0,3.9,0.43,0.33,1.0,4.0,0.0,5.0,1,1
3.0,4.0,37.0,3.7,-0.68,-0.33,1.0,4.0,1.0,4.0,1,1
6.0,7.0,23.0,3.3,0.35,0.43,1.0,4.0,0.0,1.0,0,0
7.0,7.0,46.0,3.4,0.59,0.42,1.0,4.0,1.0,4.0,1,1
8.0,9.0,45.0,2.6,0.8,1.01,2.0,4.0,1.0,5.0,1,1
1.0,2.0,35.5,3.2,-1.13,-1.11,1.0,4.0,0.0,3.0,1,1
6.0,6.0,39.0,3.5,0.19,0.21,1.0,4.0,0.0,4.0,1,1
3.0,2.0,32.0,2.1,-0.55,-1.0,1.0,4.0,1.0,3.0,1,0
4.0,6.0,36.0,3.1,-0.33,0.12,1.0,3.0,1.0,4.0,1,1
10.0,10.0,47.0,3.9,1.78,1.52,1.0,2.0,0.0,6.0,1,1
10.0,10.0,39.0,3.0,1.35,1.54,1.0,2.0,1.0,4.0,1,1
4.0,7.0,34.0,3.2,-0.31,0.34,1.0,4.0,1.0,5.0,1,1
9.0,9.0,25.0,3.3,1.21,1.27,1.0,2.0,1.0,4.0,1,1
10.0,10.0,30.0,3.7,1.66,1.52,1.0,3.0,0.0,4.0,1,1
8.0,8.0,38.0,3.3,0.77,0.61,1.0,3.0,0.0,3.0,1,1
6.0,7.0,28.0,3.4,0.24,0.48,1.0,2.0,1.0,2.0,1,1
2.0,1.0,32.0,3.2,-0.75,-1.33,2.0,3.0,1.0,3.0,1,1
1.0,1.0,29.5,2.4,-1.11,-1.58,1.0,4.0,1.0,1.0,0,0
5.0,4.0,39.0,3.5,-0.08,-0.3,1.0,4.0,1.0,4.0,1,1
6.0,8.0,34.5,2.8,0.17,0.55,1.0,5.0,1.0,2.0,1,1
7.0,7.0,42.0,3.8,0.57,0.3,1.0,3.0,0.0,4.0,1,1
8.0,8.0,42.0,3.3,0.81,0.65,1.0,3.0,1.0,4.0,1,1
2.0,7.0,33.0,2.3,-0.73,0.32,1.0,3.0,0.0,2.0,1,1
8.0,8.0,42.0,3.5,0.83,0.72,1.0,3.0,0.0,4.0,1,1
9.0,9.0,41.0,3.1,0.94,1.13,1.0,4.0,0.0,3.0,1,1
5.0,5.0,46.0,3.4,-0.11,-0.12,1.0,4.0,0.0,4.0,1,1
8.0,9.0,46.0,2.7,0.81,1.22,1.0,3.0,1.0,4.0,1,1
7.0,6.0,42.0,2.6,0.44,0.08,1.0,4.0,1.0,4.0,1,1
1.0,2.0,33.0,2.7,-1.28,-1.25,1.0,3.0,1.0,6.0,0,1
8.0,9.0,40.0,3.3,0.8,1.05,1.0,4.0,1.0,4.0,1,1
5.0,2.0,38.0,2.3,0.04,-1.12,1.0,5.0,1.0,2.0,1,1
5.0,4.0,46.0,3.3,0.01,-0.51,1.0,2.0,1.0,5.0,1,1
7.0,6.0,41.0,2.9,0.37,0.26,1.0,3.0,1.0,3.0,1,1
8.0,6.0,28.5,2.9,0.61,0.16,1.0,4.0,1.0,3.0,1,1
4.0,7.0,46.0,3.3,-0.29,0.26,1.0,4.0,1.0,3.0,1,1
4.0,1.0,33.0,2.8,-0.42,-1.31,1.0,3.0,1.0,2.0,1,0
1.0,1.0,40.0,3.2,-1.16,-1.39,1.0,4.0,0.0,3.0,1,1
10.0,10.0,48.0,3.3,1.43,1.94,1.0,2.0,0.0,5.0,1,1
3.0,3.0,46.0,3.5,-0.78,-0.7,1.0,4.0,1.0,6.0,1,0
4.0,3.0,33.0,3.4,-0.24,-0.87,1.0,3.0,1.0,3.0,1,1
8.0,6.0,33.0,3.3,0.8,0.23,1.0,3.0,0.0,4.0,1,1
8.0,8.0,37.0,4.0,0.77,0.58,1.0,3.0,0.0,4.0,1,1
9.0,9.0,41.0,2.5,1.11,1.27,1.0,3.0,1.0,2.0,1,1
7.0,8.0,41.0,2.7,0.47,0.64,1.0,3.0,0.0,4.0,1,1
10.0,10.0,38.0,3.7,1.86,2.1,1.0,2.0,0.0,3.0,1,1
3.0,6.0,37.0,3.1,-0.44,-0.02,2.0,4.0,1.0,2.0,1,1
10.0,10.0,37.0,3.3,1.74,1.77,2.0,3.0,1.0,5.0,1,1
2.0,5.0,38.0,2.7,-0.98,-0.23,1.0,5.0,0.0,3.0,1,1
9.0,10.0,43.0,3.4,1.0,1.43,2.0,4.0,1.0,5.0,1,1
6.0,5.0,38.0,2.8,0.24,-0.1,1.0,4.0,1.0,3.0,1,1
6.0,7.0,32.5,3.1,0.15,0.44,1.0,3.0,0.0,2.0,1,1
10.0,9.0,40.0,3.3,1.57,0.93,1.0,4.0,1.0,6.0,1,1
2.0,4.0,39.0,2.7,-0.82,-0.43,1.0,4.0,1.0,4.0,1,1
9.0,10.0,36.0,3.0,1.15,1.43,1.0,4.0,1.0,5.0,1,1
10.0,10.0,45.0,3.8,1.57,1.64,1.0,4.0,1.0,3.0,1,1
10.0,10.0,33.0,3.1,1.98,1.82,1.0,3.0,0.0,2.0,1,1
4.0,6.0,35.0,3.0,-0.29,-0.02,1.0,3.0,0.0,3.0,1,1
4.0,3.0,42.0,2.7,-0.38,-0.84,1.0,3.0,1.0,4.0,0,1
3.0,4.0,36.0,3.5,-0.47,-0.5,1.0,3.0,1.0,4.0,1,1
10.0,9.0,39.0,3.1,1.58,1.14,1.0,4.0,1.0,2.0,1,1
4.0,6.0,33.0,3.6,-0.24,0.11,2.0,4.0,0.0,4.0,1,1
2.0,3.0,32.0,3.3,-0.75,-0.76,1.0,3.0,1.0,3.0,1,1
9.0,9.0,39.0,3.8,0.97,1.15,1.0,4.0,0.0,5.0,1,1
6.0,7.0,40.0,3.0,0.3,0.41,1.0,4.0,1.0,4.0,1,1
4.0,4.0,41.0,3.2,-0.28,-0.43,1.0,3.0,1.0,4.0,1,1
6.0,7.0,41.0,3.2,0.19,0.45,1.0,4.0,0.0,4.0,1,1
1.0,1.0,28.0,3.4,-2.23,-1.36,1.0,2.0,1.0,4.0,0,0
8.0,4.0,39.0,2.9,0.86,-0.3,1.0,4.0,1.0,4.0,1,1
8.0,4.0,28.0,3.5,0.66,-0.41,1.0,3.0,0.0,5.0,1,1
5.0,5.0,30.0,2.6,-0.04,-0.28,2.0,3.0,1.0,3.0,1,1
10.0,9.0,44.0,3.6,1.47,1.22,1.0,2.0,0.0,6.0,1,1
3.0,2.0,36.0,3.4,-0.47,-1.28,1.0,3.0,1.0,4.0,1,1
7.0,7.0,42.0,3.5,0.53,0.54,1.0,3.0,0.0,6.0,1,1
9.0,8.0,30.0,3.0,1.1,0.73,1.0,4.0,1.0,2.0,1,1
5.0,4.0,31.5,3.6,-0.14,-0.26,1.0,4.0,1.0,4.0,1,1
10.0,10.0,37.0,4.0,1.88,1.74,1.0,3.0,0.0,3.0,1,1
3.0,2.0,42.0,3.4,-0.5,-0.96,1.0,2.0,1.0,5.0,1,1
10.0,10.0,42.0,4.0,1.7,1.86,2.0,3.0,0.0,4.0,1,1
7.0,8.0,41.0,3.7,0.34,0.79,1.0,4.0,1.0,5.0,1,1
8.0,7.0,39.0,2.7,0.72,0.39,1.0,4.0,0.0,4.0,1,1
6.0,6.0,38.0,3.8,0.21,0.13,1.0,2.0,0.0,3.0,1,1
7.0,5.0,36.0,2.9,0.45,-0.18,1.0,4.0,1.0,3.0,1,1
1.0,2.0,34.0,3.1,-1.16,-1.01,1.0,3.0,1.0,1.0,1,0
6.0,6.0,41.0,3.1,0.12,0.15,1.0,4.0,0.0,4.0,1,1
9.0,7.0,40.0,3.4,1.0,0.49,1.0,5.0,1.0,5.0,1,1
8.0,8.0,34.5,3.3,0.64,0.59,1.0,3.0,1.0,3.0,1,1
3.0,3.0,37.0,3.5,-0.49,-0.6,1.0,2.0,1.0,4.0,1,1
8.0,8.0,38.0,3.4,0.65,0.57,1.0,5.0,1.0,3.0,1,1
5.0,4.0,39.0,3.2,-0.13,-0.42,1.0,4.0,1.0,3.0,1,1
3.0,3.0,31.0,3.1,-0.47,-0.78,1.0,3.0,1.0,2.0,1,1
10.0,10.0,45.0,3.5,2.22,1.96,1.0,3.0,1.0,4.0,1,1
10.0,10.0,36.0,3.1,1.49,1.7,1.0,4.0,0.0,5.0,1,1
7.0,8.0,34.0,3.0,0.43,0.82,1.0,3.0,1.0,3.0,1,1
7.0,9.0,36.0,3.5,0.43,1.05,1.0,3.0,0.0,3.0,1,1
8.0,8.0,42.0,2.7,0.77,0.8,2.0,3.0,0.0,3.0,1,1
6.0,5.0,30.0,2.4,0.28,-0.04,1.0,3.0,0.0,1.0,1,1
9.0,9.0,37.0,3.7,1.12,1.17,1.0,3.0,1.0,4.0,1,1
1.0,1.0,26.0,2.9,-2.25,-1.55,1.0,1.0,0.0,3.0,1,0
6.0,4.0,34.0,3.5,0.12,-0.36,1.0,2.0,1.0,5.0,1,1
5.0,6.0,40.0,2.7,0.08,0.07,1.0,5.0,1.0,4.0,1,1
6.0,7.0,34.0,2.0,0.19,0.46,1.0,4.0,1.0,5.0,1,1
10.0,10.0,48.0,3.7,1.82,1.59,1.0,5.0,1.0,5.0,1,1
10.0,9.0,35.0,3.5,1.36,1.21,1.0,3.0,1.0,4.0,1,1
10.0,10.0,42.0,3.8,1.31,1.52,2.0,4.0,0.0,4.0,1,1
10.0,8.0,39.0,3.0,1.97,0.57,1.0,3.0,1.0,5.0,1,1
9.0,8.0,27.3,3.2,1.09,0.62,1.0,4.0,1.0,3.0,1,1
8.0,7.0,39.0,2.6,0.69,0.28,1.0,5.0,1.0,3.0,1,1
3.0,1.0,30.0,3.4,-0.51,-1.54,1.0,3.0,0.0,3.0,1,0
10.0,10.0,39.0,3.2,1.39,1.34,1.0,4.0,0.0,4.0,1,1
5.0,6.0,36.0,3.2,-0.11,0.04,1.0,4.0,0.0,5.0,1,1
7.0,5.0,41.0,3.9,0.35,-0.23,1.0,4.0,0.0,5.0,1,1
1.0,1.0,29.0,3.3,-1.6,-1.72,1.0,3.0,0.0,5.0,0,1
4.0,6.0,39.0,3.1,-0.21,0.17,1.0,3.0,1.0,4.0,1,1
1.0,1.0,28.0,3.7,-1.55,-1.61,1.0,3.0,1.0,5.0,1,0
5.0,5.0,41.0,3.0,0.04,-0.07,1.0,4.0,0.0,4.0,1,1
6.0,8.0,48.0,3.9,0.08,0.79,1.0,3.0,1.0,5.0,1,1
4.0,2.0,40.0,3.3,-0.24,-1.28,1.0,4.0,1.0,3.0,1,1
2.0,5.0,36.0,3.1,-1.06,-0.2,1.0,2.0,1.0,3.0,1,1
8.0,9.0,26.0,3.7,0.8,0.88,1.0,2.0,0.0,2.0,1,1
6.0,3.0,34.0,3.3,0.3,-0.65,1.0,4.0,0.0,4.0,1,1
5.0,4.0,36.0,3.4,-0.16,-0.47,1.0,4.0,1.0,4.0,1,1
5.0,5.0,44.0,3.0,-0.05,-0.04,1.0,3.0,1.0,4.0,1,1
4.0,2.0,38.0,3.5,-0.43,-1.08,1.0,2.0,0.0,5.0,1,1
7.0,9.0,33.0,2.9,0.33,1.05,1.0,4.0,1.0,3.0,1,1
5.0,5.0,35.0,3.1,-0.03,-0.13,1.0,4.0,0.0,3.0,1,1
10.0,10.0,36.0,3.7,2.11,2.47,1.0,3.0,0.0,4.0,1,1
1.0,1.0,43.0,2.3,-1.33,-1.7,1.0,3.0,0.0,3.0,1,0
7.0,9.0,40.0,2.8,0.41,0.91,2.0,3.0,1.0,3.0,1,1
6.0,6.0,34.0,3.1,0.07,0.15,1.0,5.0,1.0,3.0,1,1
10.0,10.0,36.0,3.3,2.06,2.03,1.0,4.0,0.0,5.0,1,1
4.0,5.0,29.0,2.5,-0.39,-0.23,1.0,4.0,1.0,2.0,1,1
4.0,3.0,42.0,4.0,-0.29,-0.59,1.0,3.0,1.0,4.0,1,1
7.0,3.0,35.0,3.2,0.33,-0.65,1.0,4.0,0.0,3.0,1,1
6.0,4.0,26.0,3.5,0.23,-0.42,1.0,3.0,1.0,3.0,1,1
7.0,8.0,37.0,3.0,0.37,0.66,1.0,5.0,1.0,3.0,1,1
3.0,5.0,36.0,3.1,-0.54,-0.09,2.0,3.0,1.0,5.0,1,1
8.0,7.0,48.0,3.4,0.69,0.43,2.0,4.0,1.0,4.0,1,1
1.0,1.0,27.0,3.1,-1.33,-1.46,1.0,3.0,0.0,3.0,0,0
6.0,6.0,45.0,3.6,0.25,0.19,1.0,4.0,0.0,6.0,1,1
8.0,8.0,30.0,3.3,0.66,0.72,1.0,4.0,1.0,2.0,1,1
4.0,7.0,38.0,3.1,-0.27,0.32,1.0,3.0,0.0,3.0,1,1
9.0,6.0,37.0,3.2,0.92,0.08,1.0,3.0,1.0,4.0,1,1
9.0,7.0,40.0,3.1,1.08,0.26,1.0,3.0,1.0,3.0,1,1
10.0,10.0,33.0,3.6,1.56,1.57,1.0,3.0,0.0,4.0,1,1
6.0,4.0,39.0,3.6,0.18,-0.33,1.0,4.0,1.0,4.0,1,1
2.0,1.0,32.0,3.1,-0.85,-1.43,1.0,4.0,0.0,6.0,0,0
8.0,7.0,45.0,3.7,0.86,0.42,1.0,4.0,1.0,6.0,1,1
1.0,2.0,34.0,3.3,-1.31,-1.3,1.0,4.0,0.0,3.0,1,1
7.0,8.0,32.0,3.4,0.32,0.67,1.0,4.0,0.0,3.0,1,1
2.0,1.0,47.0,2.8,-1.13,-1.52,1.0,3.0,1.0,6.0,0,1
8.0,7.0,41.0,3.6,0.84,0.51,1.0,4.0,0.0,4.0,1,1
7.0,6.0,38.0,3.0,0.47,0.13,1.0,4.0,0.0,3.0,1,1
8.0,6.0,37.0,3.3,0.63,0.19,1.0,3.0,0.0,4.0,1,1
4.0,5.0,36.5,3.2,-0.21,-0.11,1.0,5.0,1.0,5.0,1,1
10.0,9.0,42.0,3.5,1.95,1.28,1.0,3.0,0.0,3.0,1,1
3.0,2.0,35.5,3.2,-0.67,-1.05,1.0,3.0,1.0,3.0,1,1
8.0,8.0,37.0,3.8,0.69,0.81,1.0,4.0,0.0,5.0,1,1
4.0,5.0,31.0,3.6,-0.3,-0.28,1.0,2.0,1.0,2.0,1,1
3.0,5.0,44.0,3.7,-0.56,-0.05,1.0,3.0,1.0,5.0,1,1
2.0,1.0,36.0,2.8,-1.07,-1.5,1.0,3.0,1.0,3.0,1,1
7.0,5.0,34.0,3.4,0.61,-0.09,1.0,2.0,1.0,4.0,1,1
3.0,4.0,44.0,3.5,-0.65,-0.29,1.0,4.0,0.0,5.0,1,1
1.0,1.0,30.0,3.5,-1.75,-2.22,1.0,5.0,0.0,3.0,1,1
8.0,7.0,43.0,3.5,0.74,0.37,1.0,4.0,0.0,3.0,1,1
3.0,4.0,38.0,3.7,-0.53,-0.49,1.0,4.0,0.0,4.0,1,1
5.0,5.0,45.0,3.8,-0.04,-0.12,1.0,3.0,0.0,6.0,1,1
4.0,6.0,33.0,3.7,-0.38,0.03,1.0,4.0,0.0,3.0,1,1
8.0,6.0,41.0,2.8,0.66,0.01,1.0,3.0,0.0,3.0,1,1
8.0,9.0,36.0,4.0,0.88,0.98,1.0,4.0,0.0,4.0,1,1
6.0,3.0,30.0,3.1,0.09,-0.57,1.0,5.0,0.0,5.0,1,1
5.0,4.0,36.0,3.6,0.05,-0.3,1.0,3.0,1.0,5.0,1,1
6.0,5.0,36.0,3.1,0.24,-0.08,1.0,3.0,0.0,3.0,1,1
5.0,6.0,37.0,3.7,0.04,0.15,1.0,1.0,1.0,4.0,1,1
3.0,4.0,38.0,2.8,-0.58,-0.52,2.0,4.0,0.0,4.0,1,1
6.0,5.0,32.0,3.5,0.26,-0.01,1.0,4.0,0.0,4.0,1,1
10.0,10.0,36.0,3.2,1.69,1.52,2.0,4.0,0.0,3.0,1,1
9.0,9.0,47.0,3.5,1.26,0.95,1.0,4.0,1.0,6.0,1,1
4.0,5.0,40.0,2.9,-0.26,-0.1,1.0,4.0,1.0,4.0,1,1
4.0,4.0,35.5,3.3,-0.28,-0.42,1.0,3.0,0.0,3.0,1,1
1.0,1.0,41.0,3.1,-1.17,-1.33,1.0,3.0,1.0,3.0,1,1
9.0,10.0,37.0,3.8,1.23,1.37,1.0,4.0,0.0,4.0,1,1
10.0,10.0,42.0,3.3,1.98,1.93,1.0,1.0,1.0,4.0,1,1
7.0,5.0,40.0,3.3,0.34,-0.1,1.0,4.0,1.0,3.0,1,1
10.0,10.0,47.0,3.7,1.64,1.48,2.0,3.0,0.0,3.0,1,1
4.0,6.0,40.0,3.6,-0.28,0.17,1.0,4.0,1.0,5.0,1,1
9.0,10.0,31.5,2.8,1.09,1.51,1.0,4.0,1.0,3.0,0,1
3.0,2.0,29.5,3.0,-0.6,-0.94,1.0,4.0,0.0,2.0,1,0
2.0,2.0,30.0,3.3,-1.06,-1.03,2.0,3.0,1.0,3.0,1,0
2.0,2.0,44.0,2.7,-0.89,-0.97,1.0,4.0,0.0,4.0,1,1
5.0,7.0,42.0,3.0,0.05,0.52,1.0,3.0,1.0,6.0,1,1
5.0,6.0,36.0,2.1,-0.07,-0.02,1.0,3.0,1.0,3.0,1,1
2.0,3.0,35.0,3.8,-1.03,-0.58,1.0,4.0,0.0,4.0,1,1
3.0,4.0,27.5,3.4,-0.6,-0.28,1.0,3.0,1.0,5.0,1,1
2.0,2.0,40.0,3.9,-0.8,-1.26,1.0,2.0,1.0,5.0,1,0
3.0,2.0,37.0,2.9,-0.53,-1.09,1.0,4.0,0.0,3.0,1,1
7.0,8.0,31.5,3.4,0.33,0.65,1.0,4.0,0.0,4.0,1,1
5.0,6.0,36.0,3.4,-0.01,0.04,1.0,3.0,1.0,5.0,1,1
7.0,7.0,35.0,3.0,0.42,0.34,1.0,4.0,1.0,4.0,1,1
7.0,6.0,43.0,3.4,0.44,0.15,1.0,5.0,0.0,4.0,1,1
1.0,2.0,40.0,3.6,-1.22,-0.89,1.0,3.0,1.0,4.0,1,1
2.0,4.0,45.0,3.7,-0.84,-0.5,1.0,5.0,0.0,5.0,1,1
7.0,5.0,40.0,3.5,0.39,-0.25,1.0,5.0,1.0,3.0,1,1
9.0,10.0,40.0,2.8,1.27,1.42,1.0,4.0,1.0,3.0,1,1
3.0,2.0,35.0,3.3,-0.57,-1.24,1.0,3.0,0.0,3.0,1,0
2.0,1.0,38.0,2.5,-0.76,-1.37,1.0,4.0,1.0,4.0,1,1
7.0,8.0,40.0,3.8,0.52,0.81,1.0,4.0,1.0,4.0,1,1
6.0,5.0,25.0,3.8,0.19,-0.2,2.0,3.0,0.0,2.0,1,1
3.0,3.0,36.0,3.0,-0.56,-0.8,1.0,1.0,0.0,4.0,0,1
6.0,6.0,44.0,3.6,0.21,0.18,1.0,4.0,1.0,5.0,1,1
5.0,7.0,43.0,3.8,-0.08,0.4,1.0,4.0,1.0,5.0,0,1
3.0,1.0,30.0,2.7,-0.47,-1.5,1.0,4.0,1.0,3.0,1,1
2.0,4.0,32.0,2.4,-0.79,-0.48,1.0,5.0,0.0,3.0,1,1
8.0,7.0,41.0,2.6,0.63,0.29,1.0,3.0,1.0,3.0,1,1
8.0,10.0,44.0,3.7,0.82,1.39,1.0,3.0,0.0,5.0,1,1
7.0,8.0,35.0,3.4,0.47,0.81,2.0,3.0,1.0,3.0,1,1
8.0,9.0,34.0,3.3,0.67,1.12,1.0,5.0,0.0,3.0,1,1
6.0,6.0,34.0,3.2,0.3,-0.01,2.0,3.0,0.0,3.0,1,1
6.0,4.0,32.0,3.7,0.1,-0.34,1.0,3.0,0.0,5.0,1,1
10.0,10.0,32.0,3.1,1.38,1.79,1.0,4.0,0.0,3.0,1,1
3.0,4.0,40.0,3.6,-0.45,-0.4,1.0,4.0,1.0,4.0,1,1
3.0,4.0,37.0,3.1,-0.47,-0.3,1.0,4.0,1.0,5.0,1,1
1.0,4.0,36.0,3.7,-1.28,-0.48,2.0,5.0,1.0,3.0,1,1
8.0,8.0,37.0,3.0,0.77,0.67,1.0,2.0,1.0,3.0,1,1
5.0,4.0,26.0,3.3,0.07,-0.3,1.0,4.0,0.0,4.0,1,1
9.0,10.0,39.0,3.3,1.06,1.32,1.0,4.0,1.0,4.0,1,1
7.0,5.0,40.0,3.5,0.53,-0.11,1.0,4.0,0.0,3.0,1,1
10.0,4.0,26.5,3.6,1.54,-0.33,2.0,5.0,0.0,3.0,1,1
6.0,8.0,34.0,3.2,0.26,0.76,1.0,4.0,0.0,4.0,1,1
7.0,8.0,30.3,3.3,0.51,0.69,1.0,4.0,0.0,3.0,1,1
9.0,6.0,39.0,3.4,1.0,0.19,1.0,4.0,0.0,4.0,1,0
8.0,8.0,32.0,2.7,0.74,0.61,1.0,5.0,0.0,2.0,1,1
8.0,7.0,34.5,3.5,0.7,0.38,1.0,5.0,0.0,3.0,1,1
3.0,5.0,44.0,3.6,-0.74,-0.05,1.0,5.0,1.0,5.0,1,1
5.0,5.0,33.0,3.5,-0.12,-0.24,1.0,4.0,0.0,4.0,1,1
8.0,7.0,40.0,2.7,0.61,0.45,1.0,3.0,1.0,3.0,1,1
10.0,9.0,36.0,2.6,1.69,1.28,2.0,3.0,1.0,3.0,1,1
5.0,2.0,41.0,3.9,0.04,-0.92,1.0,3.0,1.0,6.0,1,1
8.0,7.0,33.5,3.5,0.74,0.49,1.0,1.0,0.0,4.0,1,1
9.0,5.0,36.0,2.8,0.97,-0.22,1.0,3.0,1.0,3.0,1,1
8.0,7.0,41.0,3.9,0.75,0.41,1.0,3.0,1.0,3.0,1,1
4.0,4.0,31.0,3.2,-0.25,-0.51,1.0,4.0,1.0,2.0,1,1
2.0,4.0,40.0,2.9,-0.76,-0.39,1.0,2.0,1.0,4.0,1,1
5.0,6.0,41.0,2.6,-0.07,0.03,1.0,5.0,1.0,3.0,1,1
2.0,2.0,30.0,3.5,-1.08,-1.22,1.0,3.0,1.0,6.0,1,1
4.0,5.0,40.0,3.1,-0.17,-0.08,1.0,4.0,1.0,3.0,1,1
8.0,7.0,38.0,3.3,0.57,0.53,1.0,3.0,1.0,3.0,1,1
4.0,3.0,37.0,3.4,-0.22,-0.72,1.0,3.0,1.0,4.0,1,1
9.0,10.0,33.0,2.5,1.28,1.39,1.0,3.0,1.0,5.0,0,1
9.0,8.0,41.0,2.7,0.97,0.61,1.0,4.0,1.0,4.0,1,1
3.0,4.0,36.0,3.0,-0.65,-0.36,1.0,2.0,1.0,2.0,0,1
1.0,1.0,39.0,3.5,-1.43,-1.46,1.0,3.0,1.0,4.0,1,1
9.0,8.0,44.0,3.3,1.13,0.84,1.0,4.0,1.0,3.0,1,1
1.0,1.0,27.0,3.6,-1.9,-2.35,1.0,2.0,1.0,5.0,0,0
5.0,5.0,41.0,3.2,-0.18,-0.18,1.0,4.0,0.0,5.0,1,1
7.0,8.0,33.0,3.0,0.56,0.6,1.0,3.0,0.0,5.0,1,1
10.0,10.0,36.0,3.7,2.38,1.95,1.0,4.0,1.0,4.0,1,1
10.0,10.0,41.0,3.7,1.66,1.52,1.0,4.0,1.0,4.0,1,1
3.0,5.0,35.0,3.6,-0.67,-0.05,1.0,4.0,0.0,4.0,1,1
7.0,8.0,42.0,3.1,0.34,0.66,1.0,5.0,1.0,5.0,0,1
5.0,8.0,43.0,3.3,0.01,0.83,1.0,4.0,0.0,5.0,1,1
1.0,1.0,22.5,2.2,-1.57,-1.65,1.0,5.0,0.0,3.0,1,0
8.0,9.0,42.0,3.9,0.74,0.95,1.0,3.0,0.0,4.0,1,1
10.0,5.0,36.0,3.6,1.84,-0.24,1.0,3.0,0.0,4.0,1,1
7.0,6.0,36.0,3.0,0.36,0.06,1.0,4.0,1.0,3.0,1,1
3.0,7.0,33.0,3.4,-0.6,0.43,2.0,3.0,0.0,3.0,1,1
8.0,7.0,38.0,3.0,0.81,0.53,1.0,1.0,0.0,3.0,1,1
7.0,8.0,43.0,3.5,0.46,0.58,1.0,3.0,1.0,5.0,1,1
3.0,5.0,40.0,3.5,-0.64,-0.12,1.0,4.0,0.0,3.0,1,1
7.0,8.0,36.0,3.9,0.61,0.82,1.0,3.0,0.0,4.0,1,1
7.0,7.0,29.0,3.6,0.46,0.54,1.0,3.0,0.0,3.0,1,1
6.0,6.0,31.0,3.4,0.05,0.18,1.0,3.0,1.0,3.0,1,1
2.0,3.0,38.5,2.8,-0.76,-0.58,1.0,4.0,0.0,3.0,1,1
1.0,2.0,40.0,3.2,-1.76,-1.12,1.0,4.0,0.0,4.0,1,1
7.0,9.0,36.0,3.4,0.37,1.06,2.0,3.0,0.0,4.0,1,1
7.0,10.0,32.5,2.6,0.49,1.5,2.0,4.0,1.0,3.0,1,1
9.0,10.0,41.0,3.6,1.22,1.32,1.0,4.0,1.0,6.0,1,1
7.0,8.0,40.0,3.1,0.42,0.76,1.0,4.0,1.0,4.0,1,1
2.0,3.0,47.0,3.9,-0.83,-0.58,1.0,3.0,1.0,6.0,1,1
6.0,3.0,35.5,2.9,0.06,-0.83,1.0,3.0,1.0,3.0,1,1
8.0,9.0,33.0,3.4,0.89,1.2,1.0,3.0,1.0,4.0,1,1
10.0,10.0,48.0,3.6,2.76,3.12,1.0,3.0,1.0,5.0,1,1
3.0,4.0,46.0,3.2,-0.72,-0.3,1.0,4.0,1.0,5.0,1,1
2.0,3.0,45.0,3.3,-1.12,-0.74,1.0,4.0,0.0,5.0,1,1
9.0,6.0,38.0,3.2,0.87,0.22,1.0,3.0,1.0,3.0,1,1
7.0,5.0,33.0,3.0,0.54,-0.17,1.0,5.0,1.0,3.0,1,1
9.0,9.0,38.0,3.1,0.92,1.18,1.0,4.0,1.0,4.0,1,1
7.0,6.0,34.0,3.5,0.38,0.2,1.0,3.0,0.0,3.0,1,1
1.0,1.0,35.0,2.7,-1.57,-1.58,1.0,4.0,0.0,5.0,0,1
7.0,9.0,48.0,3.7,0.54,1.09,1.0,4.0,0.0,6.0,1,1
1.0,2.0,35.0,3.2,-1.19,-0.9,1.0,3.0,1.0,3.0,1,1
5.0,5.0,40.0,3.0,-0.07,-0.27,1.0,4.0,1.0,3.0,1,1
2.0,3.0,41.0,3.4,-0.86,-0.73,1.0,3.0,1.0,4.0,1,1
7.0,8.0,27.0,2.8,0.4,0.84,1.0,2.0,0.0,1.0,0,1
6.0,9.0,37.7,3.4,0.25,1.22,1.0,3.0,1.0,6.0,1,1
7.0,6.0,41.0,3.4,0.52,0.18,1.0,4.0,0.0,5.0,1,1
10.0,9.0,46.0,3.7,1.55,1.27,1.0,4.0,0.0,5.0,1,1
5.0,8.0,43.0,3.6,0.0,0.67,1.0,4.0,1.0,6.0,1,1
4.0,4.0,47.0,3.7,-0.28,-0.4,1.0,4.0,1.0,6.0,1,1
9.0,7.0,23.0,2.8,1.0,0.48,1.0,3.0,1.0,1.0,0,1
8.0,9.0,38.0,3.4,0.84,1.08,1.0,4.0,1.0,3.0,1,1
9.0,8.0,35.0,3.7,0.92,0.6,1.0,4.0,0.0,4.0,1,1
6.0,7.0,37.0,3.3,0.32,0.53,1.0,3.0,0.0,4.0,1,1
5.0,6.0,44.0,3.8,-0.01,0.18,1.0,3.0,0.0,6.0,1,1
9.0,10.0,33.0,3.3,1.23,1.48,1.0,3.0,1.0,4.0,1,1
4.0,3.0,32.0,3.3,-0.39,-0.86,1.0,3.0,0.0,3.0,1,1
9.0,10.0,46.0,3.6,1.08,1.58,1.0,2.0,1.0,5.0,1,1
10.0,10.0,39.0,3.5,1.78,1.9,1.0,4.0,1.0,6.0,1,1
3.0,5.0,39.5,3.1,-0.53,-0.24,1.0,3.0,1.0,4.0,1,1
10.0,10.0,33.0,3.4,1.68,1.63,1.0,3.0,0.0,3.0,1,1
4.0,4.0,42.0,3.2,-0.39,-0.28,1.0,3.0,0.0,4.0,1,1
2.0,1.0,27.0,3.6,-0.98,-1.32,1.0,4.0,1.0,5.0,1,1
10.0,10.0,43.0,4.0,1.93,1.76,1.0,3.0,0.0,4.0,1,1
4.0,2.0,29.0,3.2,-0.17,-1.12,1.0,3.0,1.0,3.0,1,1
7.0,5.0,42.0,2.6,0.42,-0.13,2.0,4.0,1.0,1.0,1,1
8.0,7.0,45.0,3.6,0.9,0.53,1.0,2.0,1.0,6.0,1,1
3.0,1.0,26.5,1.8,-0.58,-1.49,1.0,2.0,1.0,1.0,0,0
9.0,7.0,37.0,2.9,1.02,0.43,2.0,3.0,1.0,5.0,1,1
3.0,3.0,37.0,3.2,-0.54,-0.63,1.0,4.0,1.0,3.0,1,1
2.0,2.0,41.0,3.0,-1.14,-1.14,1.0,5.0,1.0,4.0,1,1
8.0,7.0,37.0,3.3,0.62,0.27,1.0,4.0,0.0,5.0,1,1
3.0,2.0,42.0,3.7,-0.66,-1.01,1.0,4.0,1.0,4.0,1,1
2.0,2.0,36.0,3.5,-1.09,-1.22,1.0,3.0,0.0,4.0,1,1
9.0,9.0,34.5,2.8,1.03,1.03,1.0,4.0,1.0,2.0,1,1
10.0,10.0,42.0,2.3,1.66,2.04,1.0,3.0,1.0,2.0,1,1
5.0,5.0,40.0,2.9,-0.08,-0.13,1.0,4.0,1.0,3.0,1,1
9.0,8.0,43.0,2.9,0.94,0.6,1.0,2.0,1.0,4.0,1,1
2.0,3.0,40.0,3.0,-0.89,-0.81,1.0,2.0,1.0,3.0,1,1
5.0,3.0,34.0,3.4,-0.05,-0.69,1.0,3.0,0.0,3.0,1,1
4.0,4.0,43.0,3.5,-0.35,-0.31,1.0,1.0,0.0,4.0,1,1
4.0,2.0,35.0,3.6,-0.42,-0.88,1.0,3.0,1.0,4.0,1,1
2.0,1.0,36.5,3.2,-0.98,-1.47,1.0,4.0,1.0,5.0,1,1
3.0,2.0,44.0,3.3,-0.57,-1.01,1.0,4.0,0.0,4.0,1,1
7.0,6.0,39.0,2.7,0.44,0.18,1.0,4.0,1.0,3.0,1,1
8.0,6.0,33.0,3.3,0.65,0.26,1.0,2.0,1.0,3.0,1,1
6.0,7.0,37.0,3.6,0.19,0.3,1.0,4.0,0.0,3.0,1,1
1.0,1.0,41.0,3.8,-2.09,-2.25,1.0,5.0,1.0,4.0,1,1
10.0,10.0,42.5,3.2,2.35,2.11,1.0,4.0,1.0,3.0,1,1
4.0,5.0,46.0,3.7,-0.32,-0.1,1.0,5.0,1.0,5.0,1,1
6.0,5.0,44.0,3.3,0.23,-0.05,1.0,3.0,1.0,5.0,1,1
10.0,10.0,44.0,3.7,2.05,2.44,1.0,4.0,0.0,3.0,1,1
4.0,6.0,35.0,3.9,-0.28,0.11,1.0,3.0,0.0,4.0,1,1
6.0,4.0,45.0,2.9,0.16,-0.37,1.0,4.0,1.0,5.0,1,1
6.0,6.0,37.0,3.5,0.24,0.03,1.0,5.0,1.0,3.0,1,1
9.0,10.0,36.0,3.1,0.94,1.38,1.0,4.0,1.0,4.0,1,1
10.0,10.0,41.0,3.7,1.7,1.51,1.0,2.0,0.0,3.0,1,1
8.0,10.0,35.0,3.0,0.84,1.54,1.0,2.0,0.0,3.0,1,1
8.0,6.0,31.0,3.1,0.8,0.0,1.0,4.0,1.0,2.0,1,1
4.0,2.0,30.5,3.4,-0.41,-1.29,1.0,4.0,0.0,5.0,1,1
4.0,3.0,37.0,3.6,-0.23,-0.68,1.0,5.0,0.0,3.0,1,1
3.0,6.0,31.0,3.2,-0.63,0.06,2.0,3.0,1.0,3.0,1,1
1.0,3.0,35.0,3.2,-1.33,-0.85,1.0,4.0,1.0,3.0,1,1
6.0,6.0,36.5,3.1,0.2,0.04,1.0,3.0,1.0,4.0,1,1
3.0,3.0,39.0,2.7,-0.66,-0.66,1.0,4.0,1.0,3.0,1,1
9.0,9.0,34.5,3.7,1.16,0.94,1.0,2.0,0.0,3.0,1,1
10.0,10.0,46.0,3.4,2.69,2.42,1.0,5.0,0.0,6.0,1,1
3.0,5.0,31.0,3.5,-0.66,-0.21,2.0,2.0,1.0,2.0,1,1
9.0,10.0,48.0,3.8,1.3,1.3,1.0,4.0,1.0,4.0,1,1
3.0,4.0,29.0,2.1,-0.56,-0.45,1.0,3.0,1.0,1.0,0,1
1.0,2.0,45.0,3.6,-1.51,-1.29,1.0,4.0,1.0,5.0,1,1
4.0,4.0,36.5,3.5,-0.25,-0.28,1.0,5.0,0.0,4.0,1,1
9.0,8.0,33.0,3.2,1.01,0.84,1.0,2.0,1.0,2.0,1,1
5.0,5.0,39.0,4.0,-0.01,-0.03,1.0,4.0,1.0,6.0,1,1
3.0,2.0,41.0,3.3,-0.46,-1.13,1.0,2.0,1.0,3.0,1,1
10.0,9.0,40.0,3.6,1.81,1.24,1.0,4.0,0.0,4.0,1,1
5.0,7.0,35.0,2.7,-0.16,0.24,1.0,3.0,0.0,2.0,0,1
6.0,4.0,39.0,3.4,0.13,-0.39,1.0,3.0,1.0,4.0,1,1
8.0,8.0,32.5,3.5,0.74,0.6,1.0,3.0,0.0,3.0,1,1
2.0,5.0,33.5,3.7,-0.93,-0.11,1.0,4.0,0.0,5.0,1,1
6.0,7.0,35.0,3.5,0.2,0.36,1.0,4.0,0.0,3.0,1,1
9.0,10.0,38.0,3.0,0.97,1.32,1.0,3.0,1.0,3.0,1,1
3.0,6.0,40.0,3.8,-0.6,0.02,1.0,3.0,1.0,4.0,1,1
6.0,7.0,38.0,3.2,0.07,0.38,1.0,3.0,1.0,3.0,1,1
4.0,4.0,38.0,3.3,-0.21,-0.52,1.0,4.0,0.0,4.0,1,1
9.0,10.0,45.0,4.0,0.93,1.3,1.0,3.0,1.0,5.0,1,1
6.0,7.0,38.5,3.0,0.17,0.5,1.0,3.0,1.0,5.0,1,1
10.0,9.0,38.0,3.1,1.53,1.14,1.0,3.0,1.0,4.0,1,1
2.0,2.0,31.0,3.0,-0.85,-1.01,1.0,4.0,0.0,2.0,1,1
4.0,2.0,39.0,3.8,-0.21,-0.88,1.0,3.0,0.0,4.0,1,1
10.0,10.0,44.0,3.2,1.71,1.69,1.0,3.0,0.0,4.0,1,1
5.0,3.0,42.0,3.6,0.07,-0.55,1.0,3.0,1.0,4.0,1,1
5.0,4.0,44.0,3.4,0.01,-0.25,1.0,3.0,0.0,5.0,1,1
7.0,9.0,47.0,3.5,0.48,1.24,1.0,2.0,1.0,5.0,1,1
4.0,3.0,34.0,3.9,-0.29,-0.58,1.0,3.0,0.0,3.0,1,1
8.0,8.0,40.0,3.4,0.72,0.63,1.0,4.0,1.0,3.0,1,1
3.0,8.0,39.0,3.1,-0.63,0.83,1.0,4.0,1.0,3.0,1,1
4.0,3.0,30.0,2.5,-0.32,-0.85,1.0,3.0,1.0,4.0,1,1
4.0,3.0,44.0,3.4,-0.41,-0.7,1.0,4.0,1.0,4.0,1,1
2.0,2.0,38.0,3.7,-0.83,-0.94,1.0,4.0,1.0,4.0,1,1
8.0,8.0,44.0,3.3,0.86,0.65,1.0,4.0,0.0,5.0,1,1
6.0,7.0,41.0,3.3,0.26,0.39,1.0,4.0,1.0,3.0,1,1
4.0,5.0,30.5,3.7,-0.33,-0.3,1.0,3.0,0.0,2.0,1,1
10.0,10.0,37.0,4.0,2.44,2.53,1.0,2.0,0.0,3.0,1,1
8.0,7.0,39.0,2.9,0.64,0.5,1.0,4.0,1.0,3.0,1,1
2.0,1.0,30.0,2.9,-0.86,-1.43,1.0,4.0,1.0,6.0,1,0
8.0,9.0,47.0,3.1,0.86,0.88,1.0,2.0,0.0,5.0,1,1
3.0,4.0,37.0,3.6,-0.55,-0.4,1.0,4.0,0.0,4.0,1,1
7.0,9.0,38.0,3.5,0.58,1.02,1.0,3.0,1.0,4.0,1,1
2.0,1.0,37.0,3.6,-0.94,-1.52,1.0,3.0,1.0,4.0,0,1
6.0,4.0,32.3,3.3,0.27,-0.48,1.0,3.0,1.0,3.0,1,1
4.0,3.0,38.0,3.6,-0.28,-0.63,1.0,4.0,0.0,3.0,1,1
4.0,3.0,37.0,3.3,-0.42,-0.81,1.0,3.0,1.0,2.0,1,1
9.0,8.0,31.0,2.9,1.0,0.68,1.0,4.0,1.0,2.0,1,1
5.0,5.0,42.0,2.8,0.02,-0.17,1.0,3.0,0.0,6.0,0,1
9.0,10.0,44.0,3.8,1.21,1.72,1.0,4.0,1.0,5.0,1,1
9.0,6.0,39.0,3.5,0.95,0.17,1.0,3.0,0.0,4.0,1,1
3.0,3.0,37.0,3.1,-0.73,-0.77,1.0,3.0,0.0,5.0,1,1
10.0,10.0,33.0,3.9,1.7,1.88,1.0,4.0,0.0,4.0,1,1
9.0,9.0,33.0,3.5,0.96,0.97,1.0,2.0,1.0,5.0,1,1
4.0,8.0,34.0,3.5,-0.32,0.58,1.0,4.0,1.0,3.0,1,1
5.0,7.0,36.5,2.9,0.02,0.31,1.0,3.0,0.0,6.0,1,1
2.0,2.0,44.0,3.4,-1.06,-0.91,1.0,4.0,1.0,5.0,1,1
4.0,4.0,27.0,3.6,-0.27,-0.33,1.0,3.0,1.0,2.0,1,1
10.0,9.0,44.0,3.9,1.32,1.09,1.0,3.0,1.0,4.0,1,1
1.0,1.0,29.0,2.9,-1.49,-1.67,1.0,3.0,0.0,5.0,0,0
7.0,7.0,31.0,3.2,0.28,0.29,1.0,4.0,1.0,5.0,0,1
2.0,3.0,40.0,2.7,-0.96,-0.61,1.0,4.0,0.0,4.0,1,1
5.0,6.0,38.0,3.5,-0.07,0.13,1.0,4.0,0.0,3.0,1,1
3.0,4.0,41.0,3.2,-0.65,-0.36,1.0,4.0,0.0,5.0,1,1
6.0,3.0,45.0,3.2,0.31,-0.67,1.0,3.0,1.0,4.0,1,0
2.0,3.0,39.0,2.9,-0.76,-0.57,1.0,5.0,0.0,5.0,1,1
2.0,2.0,28.3,2.8,-0.93,-0.92,1.0,3.0,1.0,3.0,1,0
5.0,4.0,32.0,3.1,0.02,-0.5,1.0,3.0,1.0,2.0,1,1
8.0,7.0,37.0,3.6,0.71,0.4,1.0,4.0,1.0,4.0,1,1
7.0,6.0,39.0,3.5,0.59,0.17,1.0,2.0,1.0,4.0,1,1
9.0,9.0,39.0,3.2,1.28,1.05,1.0,4.0,1.0,3.0,1,1
4.0,7.0,33.0,3.2,-0.24,0.3,1.0,3.0,1.0,3.0,1,1
5.0,4.0,25.0,3.7,0.03,-0.39,1.0,4.0,0.0,2.0,1,1
10.0,3.0,28.3,3.1,1.54,-0.82,1.0,2.0,0.0,5.0,1,1
10.0,10.0,34.0,3.7,1.63,2.01,1.0,2.0,0.0,4.0,1,1
9.0,8.0,37.0,3.6,0.98,0.64,1.0,3.0,0.0,4.0,1,1
6.0,7.0,45.0,3.0,0.31,0.47,1.0,4.0,1.0,4.0,1,1
9.0,10.0,33.0,3.1,1.19,1.7,1.0,3.0,1.0,3.0,1,1
1.0,1.0,38.0,3.0,-2.03,-2.2,1.0,4.0,1.0,3.0,1,0
9.0,9.0,42.0,3.5,1.23,1.15,1.0,4.0,1.0,4.0,1,1
1.0,2.0,38.0,2.6,-1.47,-1.19,1.0,3.0,1.0,3.0,1,0
9.0,10.0,37.0,3.0,1.26,1.33,1.0,4.0,0.0,4.0,1,1
1.0,3.0,42.0,3.2,-1.57,-0.79,1.0,2.0,1.0,4.0,1,1
7.0,9.0,37.0,3.3,0.52,0.9,1.0,4.0,0.0,5.0,1,1
2.0,3.0,42.0,2.8,-0.94,-0.62,1.0,3.0,1.0,5.0,1,0
8.0,9.0,42.0,3.6,0.77,0.88,1.0,2.0,1.0,4.0,1,1
7.0,7.0,45.0,3.0,0.35,0.49,1.0,3.0,1.0,4.0,1,1
5.0,5.0,36.0,3.9,-0.02,-0.03,1.0,4.0,1.0,4.0,1,1
4.0,4.0,46.0,3.7,-0.32,-0.31,1.0,4.0,1.0,5.0,1,1
2.0,2.0,33.0,2.8,-0.72,-0.96,1.0,4.0,1.0,3.0,1,1
8.0,6.0,38.0,3.2,0.69,0.23,1.0,4.0,0.0,3.0,1,1
9.0,7.0,39.0,2.9,0.98,0.42,1.0,4.0,1.0,3.0,1,1
1.0,3.0,45.0,3.4,-1.27,-0.79,1.0,4.0,1.0,5.0,1,1
8.0,7.0,33.5,3.7,0.71,0.48,1.0,3.0,0.0,3.0,1,1
1.0,1.0,27.0,4.0,-2.12,-2.23,1.0,2.0,1.0,5.0,0,0
8.0,8.0,37.0,3.1,0.63,0.69,1.0,4.0,1.0,2.0,1,1
1.0,1.0,27.0,2.7,-1.19,-1.49,2.0,4.0,1.0,2.0,1,0
4.0,4.0,35.0,3.7,-0.37,-0.27,1.0,3.0,1.0,4.0,1,1
10.0,10.0,48.0,4.0,2.58,2.69,1.0,2.0,0.0,6.0,1,1
7.0,9.0,42.0,3.5,0.51,0.93,1.0,3.0,1.0,2.0,1,1
7.0,4.0,38.0,3.0,0.36,-0.3,1.0,4.0,1.0,3.0,1,1
4.0,5.0,41.0,3.6,-0.37,-0.08,1.0,2.0,0.0,4.0,1,1
1.0,4.0,38.0,3.7,-1.6,-0.26,2.0,2.0,0.0,4.0,1,1
1.0,2.0,38.0,3.2,-1.22,-1.09,1.0,4.0,1.0,4.0,1,1
9.0,9.0,41.0,3.8,0.97,1.26,1.0,3.0,1.0,4.0,1,1
8.0,10.0,46.0,4.0,0.86,1.74,1.0,4.0,0.0,6.0,1,1
4.0,4.0,36.0,3.0,-0.33,-0.39,1.0,3.0,1.0,3.0,1,1
8.0,10.0,36.0,3.3,0.7,1.39,1.0,4.0,1.0,3.0,1,1
1.0,3.0,33.0,3.1,-1.23,-0.8,1.0,4.0,1.0,3.0,0,1
2.0,2.0,34.0,2.9,-1.01,-1.3,1.0,4.0,0.0,3.0,1,1
9.0,9.0,42.0,2.8,1.23,0.95,1.0,2.0,1.0,6.0,1,1
7.0,6.0,39.0,3.0,0.4,0.13,1.0,4.0,1.0,4.0,1,1
2.0,5.0,38.0,3.9,-0.86,-0.22,1.0,3.0,0.0,2.0,1,0
8.0,9.0,34.0,3.0,0.6,0.95,1.0,4.0,0.0,2.0,1,1
8.0,7.0,37.0,3.5,0.75,0.47,1.0,3.0,0.0,6.0,1,1
8.0,6.0,39.0,3.0,0.82,0.19,1.0,3.0,1.0,3.0,1,1
6.0,6.0,37.0,3.8,0.13,0.17,1.0,3.0,0.0,3.0,1,1
2.0,2.0,34.0,3.4,-0.96,-1.14,1.0,3.0,0.0,3.0,1,1
9.0,8.0,34.0,3.3,1.08,0.62,2.0,3.0,0.0,3.0,1,1
9.0,8.0,37.0,3.6,0.9,0.68,1.0,3.0,1.0,3.0,1,1
5.0,6.0,35.0,3.1,-0.03,0.07,1.0,4.0,1.0,4.0,1,1
8.0,7.0,38.0,3.1,0.69,0.52,1.0,4.0,1.0,3.0,1,1
10.0,10.0,41.0,3.1,1.66,1.9,1.0,4.0,0.0,4.0,1,1
4.0,7.0,42.0,3.2,-0.24,0.27,1.0,4.0,1.0,5.0,1,1
2.0,4.0,43.0,3.5,-1.14,-0.25,1.0,4.0,0.0,5.0,0,1
9.0,9.0,39.0,3.7,1.11,1.08,1.0,4.0,0.0,4.0,1,1
8.0,9.0,43.0,2.8,0.71,0.92,1.0,3.0,1.0,4.0,1,1
3.0,4.0,40.0,2.5,-0.5,-0.36,1.0,3.0,1.0,3.0,1,1
1.0,3.0,35.0,3.4,-1.96,-0.76,1.0,3.0,1.0,5.0,1,1
3.0,4.0,36.0,3.4,-0.55,-0.31,1.0,3.0,0.0,5.0,1,1
6.0,7.0,37.0,3.5,0.23,0.54,1.0,3.0,1.0,4.0,1,1
8.0,8.0,39.0,3.9,0.64,0.77,1.0,3.0,1.0,4.0,1,1
1.0,2.0,41.0,3.6,-1.71,-0.98,1.0,3.0,0.0,6.0,1,1
3.0,3.0,36.5,3.4,-0.54,-0.62,1.0,4.0,0.0,5.0,1,1
1.0,2.0,32.0,3.8,-1.57,-1.0,1.0,3.0,0.0,2.0,0,0
4.0,4.0,35.0,3.0,-0.42,-0.52,1.0,3.0,0.0,2.0,1,1
3.0,5.0,43.0,3.4,-0.7,-0.11,1.0,4.0,1.0,5.0,1,1
5.0,5.0,44.0,3.2,-0.11,-0.27,1.0,2.0,1.0,3.0,1,1
6.0,4.0,47.0,3.2,0.06,-0.3,1.0,3.0,0.0,3.0,1,1
3.0,3.0,44.0,4.0,-0.67,-0.82,1.0,5.0,1.0,6.0,1,1
7.0,6.0,33.0,2.5,0.56,0.21,2.0,3.0,1.0,3.0,0,1
4.0,3.0,38.0,3.6,-0.19,-0.67,1.0,4.0,0.0,4.0,1,1
7.0,9.0,40.0,3.6,0.55,0.94,1.0,4.0,0.0,4.0,1,1
10.0,10.0,40.0,3.8,1.32,1.33,2.0,3.0,0.0,3.0,1,1
1.0,2.0,39.0,3.7,-1.45,-1.09,1.0,3.0,0.0,3.0,1,1
8.0,9.0,43.0,3.0,0.6,1.22,1.0,4.0,0.0,5.0,1,1
1.0,2.0,29.5,3.2,-1.28,-1.16,2.0,2.0,1.0,3.0,1,1
3.0,4.0,34.5,3.2,-0.67,-0.34,1.0,4.0,1.0,3.0,1,0
9.0,9.0,48.0,3.6,1.44,0.83,1.0,4.0,1.0,6.0,1,1
7.0,8.0,37.0,3.0,0.4,0.7,1.0,4.0,0.0,4.0,1,1
5.0,5.0,34.0,3.9,-0.05,-0.06,1.0,3.0,1.0,4.0,1,1
8.0,8.0,36.0,3.2,0.68,0.76,1.0,3.0,1.0,3.0,1,1
10.0,9.0,44.0,3.3,1.37,1.18,1.0,4.0,0.0,5.0,1,1
10.0,9.0,34.0,2.7,1.76,1.15,1.0,5.0,0.0,2.0,1,1
6.0,8.0,33.0,3.0,0.24,0.83,1.0,3.0,0.0,2.0,1,1
5.0,6.0,40.0,3.7,-0.12,0.17,1.0,3.0,1.0,3.0,1,1
10.0,9.0,33.0,3.1,1.52,1.07,1.0,3.0,1.0,4.0,1,1
5.0,4.0,33.0,3.4,-0.07,-0.53,1.0,3.0,1.0,3.0,1,1
5.0,6.0,48.0,3.7,-0.14,0.04,1.0,3.0,1.0,6.0,1,1
8.0,7.0,34.0,3.9,0.57,0.39,1.0,2.0,0.0,3.0,1,1
7.0,5.0,32.5,2.9,0.43,-0.12,1.0,4.0,1.0,3.0,1,1
6.0,8.0,29.0,3.2,0.12,0.78,1.0,4.0,1.0,2.0,1,1
6.0,6.0,31.0,3.2,0.3,0.15,1.0,3.0,1.0,4.0,1,1
3.0,3.0,36.0,3.5,-0.6,-0.6,1.0,4.0,0.0,5.0,1,1
3.0,3.0,37.0,3.5,-0.58,-0.6,1.0,3.0,0.0,4.0,1,0
10.0,9.0,27.0,2.7,1.59,0.9,2.0,4.0,1.0,3.0,1,1
7.0,8.0,35.0,3.7,0.45,0.59,1.0,4.0,1.0,4.0,1,1
2.0,3.0,35.0,2.9,-0.86,-0.69,1.0,4.0,0.0,3.0,1,1
8.0,8.0,38.0,3.1,0.63,0.56,1.0,5.0,1.0,3.0,1,1
2.0,2.0,37.0,2.9,-0.81,-0.85,1.0,3.0,1.0,5.0,1,1
2.0,2.0,33.0,3.0,-0.75,-1.29,1.0,4.0,0.0,3.0,1,1
7.0,9.0,30.0,3.2,0.48,0.98,1.0,4.0,0.0,3.0,1,1
5.0,5.0,47.0,3.7,-0.03,-0.15,1.0,4.0,1.0,6.0,1,1
10.0,10.0,43.0,3.5,1.77,1.62,1.0,4.0,1.0,6.0,1,1
2.0,2.0,30.0,3.4,-1.09,-1.13,2.0,3.0,0.0,5.0,1,1
9.0,9.0,34.0,3.6,0.9,1.11,1.0,3.0,1.0,3.0,1,1
