decile1b,decile3,lsat,ugpa,zfygpa,zgpa,fulltime,fam_inc,male,tier,SensitiveAttr,Label
8.0,7.0,39.0,3.8,0.89,0.55,1.0,4.0,1.0,4.0,1,1
8.0,9.0,34.0,3.4,0.87,1.3,1.0,4.0,0.0,3.0,1,1
7.0,8.0,42.0,2.9,0.55,0.73,1.0,4.0,0.0,4.0,1,1
8.0,8.0,38.0,3.7,0.79,0.57,1.0,4.0,0.0,4.0,1,1
7.0,3.0,41.0,2.8,0.42,-0.61,2.0,3.0,0.0,5.0,0,1
10.0,10.0,44.0,3.2,1.66,1.3,1.0,4.0,1.0,6.0,1,1
5.0,7.0,35.0,2.7,-0.16,0.24,1.0,3.0,0.0,2.0,0,1
8.0,9.0,33.0,3.4,0.89,1.2,1.0,3.0,1.0,4.0,1,1
7.0,5.0,32.5,2.9,0.43,-0.12,1.0,4.0,1.0,3.0,1,1
5.0,5.0,37.0,2.3,-0.1,-0.23,1.0,3.0,1.0,3.0,1,0
5.0,7.0,43.0,3.4,-0.06,0.44,1.0,3.0,1.0,5.0,1,1
6.0,5.0,33.0,2.3,0.16,-0.29,1.0,2.0,0.0,1.0,0,1
1.0,1.0,35.0,3.0,-1.28,-1.63,1.0,1.0,0.0,5.0,0,1
9.0,8.0,41.0,3.3,0.98,0.85,1.0,4.0,1.0,4.0,1,1
5.0,8.0,35.0,2.9,-0.05,0.59,1.0,3.0,0.0,3.0,1,1
7.0,7.0,36.5,2.9,0.33,0.42,1.0,4.0,1.0,5.0,1,1
8.0,9.0,48.0,3.3,0.61,0.94,1.0,5.0,0.0,5.0,1,1
8.0,7.0,25.5,2.7,0.73,0.5,1.0,2.0,1.0,3.0,1,1
7.0,6.0,44.0,3.3,0.52,0.09,1.0,4.0,0.0,5.0,1,1
2.0,3.0,41.0,2.7,-0.71,-0.78,1.0,3.0,1.0,3.0,1,0
9.0,10.0,41.0,3.3,1.05,1.43,1.0,4.0,0.0,3.0,1,1
3.0,3.0,39.0,3.2,-0.6,-0.85,1.0,3.0,0.0,4.0,1,1
2.0,3.0,40.0,3.3,-0.98,-0.73,1.0,3.0,0.0,4.0,1,1
6.0,7.0,42.0,3.3,0.14,0.47,1.0,4.0,0.0,3.0,1,1
6.0,8.0,31.5,3.6,0.18,0.72,1.0,3.0,0.0,5.0,1,1
6.0,6.0,43.0,2.9,0.16,0.24,1.0,4.0,1.0,4.0,1,1
3.0,4.0,38.5,2.9,-0.7,-0.52,1.0,4.0,1.0,4.0,1,1
4.0,2.0,31.0,3.1,-0.2,-0.93,1.0,2.0,0.0,3.0,1,1
10.0,10.0,45.0,3.9,1.58,1.86,1.0,4.0,0.0,5.0,1,1
1.0,1.0,29.0,3.8,-1.2,-1.5,1.0,3.0,0.0,3.0,0,1
9.0,8.0,40.0,2.9,1.03,0.78,1.0,4.0,1.0,4.0,0,1
1.0,1.0,36.0,3.0,-1.17,-2.34,1.0,4.0,0.0,5.0,0,1
4.0,6.0,45.0,3.5,-0.29,0.16,1.0,4.0,1.0,4.0,1,1
7.0,5.0,42.0,3.5,0.47,-0.14,1.0,5.0,1.0,6.0,1,1
4.0,5.0,39.0,3.6,-0.28,-0.05,1.0,4.0,1.0,4.0,1,1
3.0,3.0,30.0,3.5,-0.47,-0.85,1.0,3.0,0.0,4.0,0,1
6.0,4.0,34.0,2.9,0.05,-0.42,1.0,3.0,0.0,5.0,1,0
1.0,1.0,34.5,2.7,-1.27,-1.6,1.0,4.0,1.0,3.0,0,0
6.0,4.0,30.0,2.0,0.3,-0.35,1.0,3.0,1.0,4.0,0,1
5.0,7.0,37.0,3.5,-0.11,0.55,1.0,4.0,0.0,4.0,1,1
3.0,2.0,32.0,2.6,-0.59,-0.96,1.0,5.0,1.0,3.0,1,1
1.0,2.0,37.0,3.2,-1.21,-1.22,1.0,4.0,0.0,4.0,1,1
8.0,8.0,32.0,2.8,0.63,0.61,1.0,3.0,1.0,3.0,1,1
4.0,4.0,40.0,2.4,-0.36,-0.47,1.0,4.0,1.0,4.0,1,1
9.0,9.0,48.0,3.7,1.2,1.16,1.0,3.0,1.0,4.0,1,1
7.0,8.0,38.0,3.3,0.39,0.63,1.0,4.0,0.0,3.0,1,1
6.0,4.0,19.5,2.9,0.11,-0.33,1.0,2.0,1.0,3.0,1,1
2.0,3.0,29.0,3.0,-1.08,-0.68,1.0,4.0,0.0,4.0,0,1
1.0,1.0,40.5,3.7,-1.82,-1.38,1.0,3.0,0.0,5.0,0,1
5.0,8.0,35.0,3.8,0.09,0.68,1.0,5.0,0.0,4.0,1,1
8.0,8.0,23.0,2.2,0.89,0.71,1.0,5.0,1.0,1.0,0,1
6.0,3.0,36.0,2.6,0.24,-0.53,2.0,4.0,1.0,5.0,1,1
9.0,9.0,38.0,2.6,1.01,1.25,1.0,3.0,0.0,3.0,1,1
7.0,5.0,33.0,3.0,0.51,-0.08,1.0,2.0,0.0,5.0,0,1
4.0,8.0,38.0,3.4,-0.29,0.56,1.0,4.0,1.0,3.0,1,1
4.0,5.0,42.0,3.7,-0.45,-0.05,1.0,4.0,1.0,5.0,1,1
2.0,1.0,35.0,2.9,-0.92,-1.39,1.0,4.0,0.0,3.0,1,0
10.0,10.0,32.0,3.2,1.65,1.65,1.0,3.0,1.0,3.0,1,1
4.0,2.0,26.5,3.1,-0.21,-1.18,1.0,3.0,0.0,3.0,0,0
7.0,9.0,40.0,3.3,0.48,1.2,1.0,5.0,1.0,3.0,1,1
7.0,7.0,36.0,3.5,0.36,0.52,1.0,2.0,1.0,4.0,0,1
6.0,6.0,29.0,2.4,0.1,0.04,1.0,3.0,1.0,2.0,1,1
2.0,3.0,32.0,3.2,-0.76,-0.8,1.0,3.0,0.0,3.0,1,1
4.0,4.0,36.0,2.8,-0.38,-0.39,1.0,4.0,1.0,3.0,1,1
2.0,5.0,31.0,3.2,-0.9,-0.27,1.0,4.0,0.0,2.0,1,0
9.0,10.0,33.5,3.2,1.12,1.36,1.0,3.0,1.0,3.0,1,1
3.0,3.0,36.0,3.0,-0.57,-0.79,1.0,4.0,1.0,4.0,0,1
3.0,1.0,38.0,2.9,-0.58,-1.87,1.0,3.0,1.0,4.0,0,0
10.0,8.0,39.0,3.4,1.77,0.74,1.0,4.0,1.0,3.0,1,1
4.0,4.0,25.0,2.4,-0.33,-0.34,1.0,3.0,0.0,3.0,0,0
5.0,5.0,39.0,3.7,0.0,-0.13,1.0,2.0,0.0,5.0,1,1
2.0,3.0,38.0,2.6,-1.03,-0.58,1.0,4.0,1.0,3.0,1,1
8.0,5.0,37.0,2.7,0.61,-0.27,1.0,3.0,1.0,3.0,1,1
4.0,4.0,46.0,3.2,-0.35,-0.35,1.0,3.0,1.0,6.0,1,1
1.0,1.0,37.0,3.3,-1.24,-1.59,1.0,5.0,0.0,3.0,1,1
9.0,10.0,39.0,3.0,0.99,1.59,1.0,2.0,1.0,5.0,0,1
6.0,8.0,37.0,3.2,0.2,0.64,1.0,4.0,1.0,5.0,1,1
7.0,7.0,28.0,3.3,0.51,0.38,1.0,1.0,0.0,2.0,0,1
8.0,5.0,42.0,3.4,0.64,-0.02,1.0,2.0,1.0,4.0,1,1
2.0,3.0,39.0,2.7,-1.03,-0.84,1.0,3.0,1.0,3.0,1,1
6.0,3.0,32.0,3.4,0.22,-0.67,2.0,3.0,1.0,3.0,1,1
4.0,2.0,26.5,3.7,-0.26,-1.07,1.0,3.0,0.0,4.0,1,0
5.0,5.0,34.0,2.3,-0.05,-0.18,1.0,5.0,1.0,3.0,1,1
1.0,1.0,24.0,3.1,-1.37,-1.96,1.0,2.0,0.0,5.0,0,1
9.0,10.0,42.0,4.0,0.95,1.5,1.0,4.0,1.0,5.0,1,1
10.0,10.0,41.0,3.8,1.6,1.49,1.0,3.0,0.0,4.0,1,1
10.0,10.0,47.0,3.4,2.67,2.72,2.0,3.0,1.0,5.0,1,1
1.0,1.0,22.5,2.9,-1.28,-1.44,1.0,3.0,1.0,1.0,0,1
7.0,6.0,43.0,3.7,0.48,0.05,1.0,3.0,1.0,4.0,1,1
1.0,3.0,42.0,3.2,-1.57,-0.79,1.0,2.0,1.0,4.0,1,1
10.0,8.0,31.0,2.7,1.89,0.79,2.0,5.0,1.0,2.0,1,1
7.0,6.0,39.0,3.2,0.36,0.24,2.0,4.0,1.0,3.0,1,1
6.0,6.0,35.0,3.6,0.16,0.17,1.0,4.0,1.0,4.0,1,1
6.0,9.0,37.0,3.0,0.26,1.11,1.0,3.0,0.0,5.0,1,1
10.0,9.0,38.0,3.3,1.45,1.27,1.0,4.0,0.0,5.0,0,1
6.0,8.0,38.0,3.1,0.19,0.71,1.0,4.0,1.0,5.0,1,1
8.0,6.0,40.0,3.8,0.57,0.06,1.0,4.0,1.0,5.0,1,1
9.0,10.0,37.0,2.8,1.21,1.76,1.0,5.0,1.0,5.0,1,1
7.0,7.0,41.0,3.4,0.54,0.27,1.0,3.0,0.0,6.0,1,1
9.0,9.0,32.5,3.7,1.1,1.1,1.0,4.0,0.0,4.0,1,1
5.0,8.0,37.0,2.8,-0.17,0.86,1.0,3.0,0.0,3.0,1,1
1.0,2.0,40.0,2.4,-1.15,-1.23,1.0,3.0,1.0,4.0,0,1
2.0,2.0,39.0,3.4,-0.97,-0.9,1.0,3.0,0.0,5.0,0,1
7.0,7.0,33.0,3.8,0.53,0.39,1.0,4.0,0.0,3.0,1,1
6.0,7.0,35.0,3.7,0.14,0.28,1.0,2.0,0.0,3.0,1,1
6.0,4.0,39.0,2.5,0.2,-0.47,2.0,4.0,1.0,5.0,1,1
4.0,6.0,28.5,2.9,-0.28,-0.02,1.0,2.0,0.0,2.0,1,0
5.0,6.0,41.0,3.5,-0.17,0.05,1.0,2.0,0.0,3.0,1,1
5.0,6.0,39.0,3.5,-0.04,0.16,1.0,3.0,1.0,4.0,1,1
7.0,6.0,37.0,3.4,0.47,0.17,1.0,3.0,0.0,4.0,1,1
8.0,8.0,28.0,3.1,0.82,0.84,2.0,3.0,0.0,3.0,0,1
10.0,10.0,38.0,3.7,1.38,1.54,1.0,3.0,1.0,4.0,1,1
3.0,2.0,35.0,3.7,-0.54,-1.17,1.0,2.0,1.0,3.0,1,1
3.0,2.0,33.0,3.3,-0.59,-1.02,1.0,5.0,0.0,3.0,1,1
1.0,1.0,27.0,3.4,-1.39,-1.64,1.0,2.0,0.0,4.0,0,1
5.0,5.0,31.0,3.0,-0.03,-0.15,1.0,3.0,1.0,5.0,0,1
8.0,8.0,35.0,3.1,0.6,0.62,1.0,3.0,0.0,3.0,1,1
1.0,1.0,25.0,2.3,-1.91,-1.53,1.0,1.0,1.0,4.0,0,1
8.0,7.0,23.0,3.0,0.79,0.29,1.0,1.0,1.0,1.0,0,1
2.0,1.0,33.0,3.6,-0.81,-1.42,1.0,3.0,0.0,3.0,1,1
4.0,8.0,39.5,3.8,-0.39,0.69,1.0,4.0,0.0,5.0,0,1
2.0,4.0,38.0,3.2,-0.82,-0.32,1.0,4.0,0.0,3.0,1,1
7.0,7.0,38.0,3.3,0.33,0.44,1.0,4.0,0.0,3.0,1,1
7.0,6.0,39.0,3.6,0.56,0.19,1.0,4.0,0.0,5.0,1,1
10.0,10.0,31.0,2.8,2.05,1.59,1.0,3.0,0.0,1.0,1,0
3.0,2.0,31.0,2.6,-0.62,-1.06,1.0,4.0,0.0,4.0,0,1
8.0,8.0,36.0,3.8,0.65,0.83,1.0,3.0,1.0,3.0,1,1
7.0,9.0,38.0,3.8,0.6,0.97,1.0,3.0,1.0,4.0,1,1
3.0,4.0,29.5,3.9,-0.6,-0.5,1.0,5.0,0.0,3.0,1,0
6.0,8.0,37.0,3.1,0.17,0.78,1.0,3.0,1.0,3.0,1,1
1.0,1.0,34.0,2.8,-1.15,-1.38,1.0,3.0,1.0,4.0,0,1
10.0,10.0,32.0,3.4,1.26,1.74,1.0,5.0,1.0,2.0,1,1
10.0,10.0,39.0,2.6,1.42,1.59,1.0,4.0,1.0,3.0,1,1
10.0,10.0,40.0,3.9,1.84,2.04,1.0,3.0,1.0,4.0,1,1
10.0,10.0,40.0,3.3,1.96,1.9,1.0,3.0,0.0,3.0,1,1
8.0,6.0,33.0,3.5,0.58,0.15,1.0,3.0,0.0,3.0,1,1
4.0,4.0,36.0,2.1,-0.19,-0.38,1.0,3.0,1.0,3.0,1,0
9.0,9.0,40.0,3.6,1.08,1.18,1.0,3.0,0.0,4.0,1,1
7.0,4.0,25.0,2.5,0.53,-0.44,1.0,2.0,0.0,1.0,0,1
6.0,6.0,36.0,2.9,0.26,0.07,1.0,4.0,1.0,3.0,1,1
8.0,10.0,32.0,3.6,0.69,1.79,1.0,3.0,1.0,5.0,1,1
1.0,1.0,25.0,3.3,-1.1,-1.97,1.0,3.0,0.0,2.0,0,1
7.0,7.0,43.0,3.8,0.44,0.44,1.0,4.0,0.0,6.0,1,1
2.0,2.0,35.0,2.9,-0.84,-1.14,1.0,3.0,0.0,3.0,0,1
10.0,10.0,37.0,3.4,1.81,1.64,1.0,3.0,0.0,4.0,1,1
3.0,2.0,42.0,3.8,-0.56,-1.0,1.0,4.0,0.0,6.0,1,1
2.0,2.0,35.0,3.2,-0.96,-0.98,1.0,3.0,0.0,3.0,1,1
8.0,6.0,43.0,2.5,0.79,0.11,1.0,3.0,1.0,4.0,1,1
2.0,2.0,42.0,3.4,-0.84,-0.93,1.0,3.0,1.0,4.0,1,1
9.0,8.0,41.0,3.0,1.01,0.66,1.0,3.0,0.0,3.0,1,1
1.0,1.0,27.0,3.0,-1.17,-2.19,1.0,3.0,1.0,4.0,0,0
4.0,5.0,42.0,2.9,-0.18,-0.08,1.0,4.0,1.0,4.0,1,1
9.0,8.0,41.0,3.7,0.9,0.58,1.0,3.0,0.0,4.0,1,1
5.0,7.0,47.0,3.3,0.02,0.43,1.0,2.0,1.0,5.0,1,1
9.0,9.0,38.0,3.5,1.05,0.97,1.0,4.0,0.0,3.0,1,1
7.0,2.0,34.0,2.8,0.53,-1.05,1.0,4.0,1.0,3.0,1,1
9.0,10.0,36.0,2.8,1.09,1.41,1.0,3.0,1.0,4.0,0,1
1.0,2.0,38.0,2.6,-1.47,-1.19,1.0,3.0,1.0,3.0,1,0
9.0,9.0,32.0,3.4,0.94,1.12,1.0,3.0,1.0,2.0,1,1
9.0,9.0,44.0,4.0,0.98,1.13,1.0,4.0,0.0,5.0,1,1
5.0,5.0,29.0,3.1,0.01,-0.1,1.0,3.0,0.0,2.0,1,1
3.0,4.0,41.0,2.8,-0.55,-0.35,1.0,4.0,0.0,4.0,1,1
10.0,10.0,39.0,3.5,2.07,1.8,1.0,4.0,1.0,4.0,1,1
3.0,3.0,34.0,3.1,-0.7,-0.68,1.0,4.0,1.0,3.0,1,1
3.0,2.0,30.5,3.6,-0.7,-1.18,1.0,4.0,0.0,4.0,0,1
5.0,7.0,29.5,3.5,-0.03,0.39,1.0,4.0,1.0,3.0,1,1
1.0,1.0,34.0,3.1,-1.4,-1.86,2.0,4.0,0.0,3.0,0,0
8.0,8.0,36.0,3.6,0.68,0.62,1.0,3.0,1.0,4.0,1,1
8.0,9.0,46.0,3.6,0.69,1.01,1.0,1.0,1.0,5.0,1,1
7.0,8.0,33.0,3.7,0.55,0.56,1.0,4.0,0.0,3.0,1,1
9.0,1.0,36.0,3.8,0.92,-1.51,1.0,4.0,1.0,4.0,1,1
9.0,9.0,40.0,4.0,1.17,0.98,1.0,3.0,0.0,3.0,1,1
10.0,10.0,39.0,2.2,1.72,1.63,1.0,4.0,0.0,1.0,0,1
7.0,5.0,37.0,2.9,0.34,-0.11,1.0,1.0,1.0,3.0,0,1
8.0,8.0,33.0,2.7,0.73,0.83,1.0,4.0,0.0,4.0,1,1
8.0,8.0,37.0,3.4,0.67,0.55,1.0,2.0,1.0,3.0,1,1
4.0,6.0,36.0,3.5,-0.24,0.02,1.0,4.0,1.0,3.0,1,1
9.0,10.0,45.0,3.4,0.96,1.41,1.0,5.0,1.0,5.0,1,1
8.0,7.0,37.0,2.9,0.82,0.51,1.0,4.0,1.0,4.0,1,1
3.0,2.0,34.0,2.7,-0.46,-0.88,1.0,3.0,1.0,4.0,0,1
9.0,10.0,39.0,3.6,0.9,1.47,1.0,3.0,1.0,4.0,1,1
5.0,7.0,39.5,3.2,-0.09,0.55,1.0,4.0,1.0,4.0,0,1
6.0,8.0,31.0,3.4,0.23,0.61,1.0,4.0,0.0,3.0,1,1
10.0,10.0,34.0,3.5,2.56,2.18,1.0,3.0,0.0,3.0,1,1
7.0,7.0,36.5,3.3,0.34,0.45,1.0,4.0,1.0,4.0,1,1
6.0,9.0,32.0,3.0,0.25,1.12,1.0,3.0,0.0,2.0,1,1
2.0,1.0,35.0,3.4,-0.79,-1.35,2.0,3.0,0.0,3.0,1,1
3.0,7.0,34.0,2.4,-0.44,0.38,1.0,3.0,1.0,3.0,1,1
8.0,9.0,47.0,3.1,0.86,0.88,1.0,2.0,0.0,5.0,1,1
7.0,6.0,37.0,3.7,0.41,0.05,1.0,4.0,1.0,4.0,1,1
6.0,5.0,31.0,2.2,0.14,-0.23,1.0,4.0,1.0,3.0,0,1
3.0,1.0,27.0,3.7,-0.62,-1.65,1.0,1.0,0.0,5.0,0,1
5.0,6.0,34.0,3.1,-0.1,0.15,1.0,4.0,0.0,3.0,0,1
6.0,6.0,27.0,2.8,0.14,0.06,1.0,5.0,1.0,3.0,0,1
4.0,6.0,26.7,3.5,-0.28,0.08,1.0,3.0,1.0,3.0,1,1
9.0,8.0,33.0,2.8,0.97,0.81,1.0,3.0,1.0,3.0,1,1
6.0,7.0,42.0,3.0,0.15,0.5,1.0,4.0,1.0,5.0,1,1
5.0,4.0,43.0,3.1,0.01,-0.45,1.0,4.0,0.0,4.0,1,1
5.0,5.0,37.0,3.2,-0.11,-0.26,1.0,5.0,1.0,3.0,1,1
1.0,1.0,26.0,2.4,-2.42,-2.24,1.0,2.0,0.0,4.0,0,0
7.0,9.0,39.0,3.5,0.52,0.86,2.0,2.0,1.0,5.0,1,1
8.0,9.0,47.0,3.2,0.69,0.93,1.0,4.0,1.0,4.0,1,1
6.0,7.0,42.0,3.7,0.29,0.3,1.0,2.0,1.0,6.0,0,1
8.0,8.0,41.0,3.4,0.75,0.83,1.0,3.0,1.0,4.0,1,1
10.0,10.0,33.0,2.7,1.79,2.15,2.0,3.0,1.0,2.0,1,1
7.0,3.0,32.0,3.8,0.42,-0.67,2.0,1.0,0.0,5.0,0,1
2.0,7.0,33.0,3.5,-0.88,0.36,2.0,3.0,1.0,4.0,1,1
9.0,4.0,30.0,2.8,1.28,-0.51,1.0,4.0,1.0,3.0,0,1
9.0,9.0,40.0,3.1,1.06,1.22,1.0,5.0,1.0,4.0,1,1
2.0,2.0,38.0,3.2,-1.04,-0.98,1.0,4.0,1.0,3.0,1,1
10.0,9.0,39.0,3.6,1.41,1.27,1.0,4.0,0.0,4.0,1,1
7.0,7.0,32.5,3.0,0.52,0.32,1.0,4.0,1.0,2.0,1,1
6.0,6.0,45.0,3.8,0.11,0.19,1.0,5.0,1.0,6.0,1,1
4.0,2.0,33.0,3.1,-0.41,-1.26,2.0,3.0,0.0,3.0,1,1
3.0,4.0,38.0,3.3,-0.5,-0.52,1.0,4.0,1.0,4.0,1,1
5.0,3.0,41.0,3.0,-0.11,-0.83,1.0,5.0,1.0,3.0,1,1
3.0,4.0,37.0,2.9,-0.46,-0.41,1.0,4.0,0.0,3.0,1,1
8.0,9.0,43.0,2.6,0.64,0.89,1.0,4.0,1.0,5.0,0,1
2.0,1.0,30.0,2.7,-0.73,-1.53,1.0,1.0,0.0,3.0,0,1
8.0,7.0,31.0,3.1,0.74,0.4,2.0,3.0,0.0,2.0,1,1
9.0,10.0,47.0,3.3,1.08,1.5,1.0,4.0,0.0,5.0,1,1
1.0,3.0,33.0,3.6,-1.33,-0.88,1.0,3.0,0.0,4.0,1,1
9.0,10.0,39.0,3.8,1.23,1.79,1.0,3.0,1.0,6.0,1,1
10.0,9.0,43.0,3.8,1.76,1.26,1.0,4.0,1.0,5.0,1,1
4.0,4.0,37.0,3.6,-0.31,-0.53,1.0,3.0,1.0,4.0,1,1
8.0,8.0,42.0,3.3,0.81,0.65,1.0,3.0,1.0,4.0,1,1
4.0,5.0,39.0,2.7,-0.28,-0.28,1.0,4.0,0.0,2.0,1,0
10.0,8.0,37.0,3.1,1.33,0.65,1.0,4.0,0.0,3.0,1,1
10.0,10.0,48.0,3.7,1.77,1.59,1.0,4.0,1.0,6.0,1,1
1.0,1.0,31.0,3.7,-1.31,-1.82,1.0,3.0,1.0,5.0,1,1
9.0,9.0,41.0,2.6,1.22,1.16,1.0,1.0,1.0,3.0,1,1
8.0,5.0,41.0,3.3,0.68,0.0,1.0,5.0,1.0,5.0,1,1
5.0,6.0,41.0,3.3,-0.07,0.23,1.0,3.0,1.0,3.0,1,1
7.0,8.0,39.0,3.2,0.41,0.68,1.0,1.0,0.0,3.0,1,1
1.0,1.0,23.7,2.7,-2.27,-1.47,1.0,4.0,0.0,5.0,1,1
5.0,6.0,32.0,3.3,0.04,0.14,1.0,1.0,0.0,3.0,1,1
6.0,5.0,44.0,3.2,0.24,-0.11,1.0,4.0,1.0,4.0,1,1
10.0,10.0,40.0,3.7,1.41,1.48,1.0,4.0,1.0,3.0,1,1
10.0,10.0,45.0,3.4,1.68,2.04,1.0,3.0,0.0,4.0,1,1
10.0,10.0,37.0,3.6,1.62,1.93,1.0,4.0,0.0,3.0,1,1
1.0,3.0,36.0,2.9,-1.26,-0.62,2.0,3.0,1.0,3.0,1,1
10.0,10.0,41.0,3.5,2.06,1.75,1.0,3.0,1.0,4.0,1,1
9.0,9.0,40.0,2.7,1.04,1.02,1.0,4.0,1.0,2.0,1,1
1.0,3.0,32.5,3.5,-1.56,-0.66,1.0,3.0,0.0,5.0,0,1
8.0,6.0,34.0,3.1,0.75,0.25,1.0,4.0,1.0,3.0,1,1
4.0,3.0,37.0,2.9,-0.31,-0.74,1.0,2.0,1.0,3.0,1,1
9.0,10.0,41.0,3.2,1.27,1.34,1.0,4.0,1.0,5.0,0,1
3.0,3.0,38.0,3.3,-0.71,-0.57,1.0,4.0,0.0,4.0,1,1
5.0,3.0,38.0,2.9,-0.18,-0.61,1.0,4.0,1.0,5.0,0,1
1.0,2.0,36.0,3.8,-1.23,-1.04,1.0,4.0,1.0,3.0,1,0
8.0,9.0,34.0,3.8,0.81,1.05,1.0,2.0,1.0,3.0,1,1
9.0,9.0,36.0,2.7,1.12,0.89,1.0,4.0,1.0,4.0,1,1
9.0,9.0,39.0,3.3,0.96,1.24,1.0,4.0,1.0,3.0,1,1
6.0,7.0,29.0,2.8,0.08,0.28,2.0,3.0,0.0,3.0,0,1
6.0,6.0,28.0,2.7,0.21,0.0,1.0,3.0,1.0,3.0,0,0
8.0,9.0,31.0,2.7,0.62,1.28,1.0,4.0,1.0,2.0,1,1
7.0,6.0,39.0,2.8,0.43,0.29,1.0,4.0,1.0,4.0,1,1
4.0,3.0,39.0,2.9,-0.29,-0.84,1.0,4.0,1.0,4.0,1,1
5.0,6.0,43.0,3.3,-0.11,0.11,1.0,5.0,0.0,6.0,1,1
5.0,4.0,42.0,3.6,-0.03,-0.28,1.0,3.0,0.0,6.0,1,1
5.0,8.0,33.0,3.4,-0.05,0.55,1.0,4.0,0.0,3.0,1,1
6.0,6.0,26.0,2.6,0.23,0.15,1.0,4.0,0.0,1.0,0,1
2.0,2.0,36.0,3.1,-0.88,-0.89,1.0,4.0,0.0,3.0,1,1
8.0,7.0,48.0,3.4,0.6,0.39,1.0,4.0,1.0,5.0,1,1
7.0,7.0,34.5,2.7,0.53,0.45,1.0,3.0,1.0,3.0,1,1
5.0,3.0,35.0,2.9,-0.16,-0.74,1.0,4.0,0.0,2.0,0,1
5.0,5.0,28.0,3.1,-0.09,-0.24,1.0,4.0,1.0,4.0,0,1
1.0,1.0,32.0,3.2,-1.74,-1.68,1.0,3.0,0.0,4.0,0,1
7.0,9.0,40.0,3.3,0.55,1.13,1.0,2.0,1.0,4.0,1,1
2.0,4.0,41.0,2.8,-0.79,-0.38,1.0,3.0,0.0,4.0,1,1
4.0,4.0,41.0,3.8,-0.28,-0.25,1.0,5.0,1.0,6.0,1,1
5.0,8.0,36.0,3.7,-0.13,0.61,1.0,3.0,0.0,3.0,1,1
9.0,6.0,35.0,3.2,0.94,0.2,1.0,3.0,1.0,3.0,1,0
4.0,5.0,42.0,2.8,-0.35,-0.04,1.0,4.0,0.0,3.0,1,1
1.0,3.0,30.0,2.8,-1.25,-0.85,1.0,3.0,0.0,5.0,0,1
6.0,6.0,44.0,2.7,0.22,0.13,1.0,4.0,1.0,4.0,1,1
2.0,4.0,32.0,3.2,-0.84,-0.54,1.0,2.0,1.0,2.0,1,0
5.0,5.0,42.0,2.8,0.02,-0.17,1.0,3.0,0.0,6.0,0,1
9.0,6.0,42.0,3.2,1.06,0.18,1.0,3.0,0.0,4.0,1,1
2.0,2.0,39.0,3.1,-0.86,-0.9,1.0,1.0,1.0,6.0,0,1
9.0,9.0,47.0,3.8,1.27,0.94,1.0,4.0,1.0,5.0,1,1
10.0,10.0,44.0,3.6,1.53,1.64,1.0,5.0,0.0,5.0,1,1
9.0,10.0,43.0,3.0,1.05,1.3,1.0,3.0,0.0,4.0,1,1
2.0,5.0,41.0,3.2,-0.76,-0.19,1.0,3.0,1.0,4.0,0,1
2.0,2.0,29.0,2.7,-1.03,-1.2,1.0,1.0,0.0,5.0,0,1
10.0,10.0,41.0,3.5,1.44,1.83,1.0,4.0,0.0,4.0,1,1
8.0,8.0,33.0,3.1,0.68,0.64,1.0,4.0,1.0,4.0,1,1
5.0,5.0,32.0,3.1,-0.07,-0.2,1.0,4.0,1.0,4.0,0,1
1.0,2.0,35.0,3.8,-1.22,-1.19,1.0,4.0,0.0,5.0,1,0
8.0,6.0,36.0,3.7,0.7,0.2,1.0,4.0,0.0,3.0,1,1
3.0,3.0,31.0,3.4,-0.46,-0.59,1.0,4.0,0.0,3.0,1,1
3.0,3.0,35.0,3.6,-0.67,-0.82,1.0,4.0,0.0,4.0,1,1
3.0,6.0,31.0,3.8,-0.68,0.11,1.0,4.0,0.0,4.0,1,1
10.0,9.0,41.0,3.1,1.41,1.13,1.0,1.0,0.0,3.0,0,1
1.0,4.0,37.0,3.3,-1.46,-0.47,1.0,4.0,0.0,3.0,1,1
6.0,7.0,37.0,3.5,0.23,0.54,1.0,3.0,1.0,4.0,1,1
10.0,10.0,36.0,2.7,2.01,2.27,2.0,3.0,0.0,3.0,1,1
5.0,4.0,41.0,3.7,0.01,-0.38,1.0,2.0,0.0,4.0,1,1
5.0,5.0,44.0,3.4,-0.12,-0.04,1.0,4.0,0.0,5.0,1,1
2.0,2.0,31.0,3.0,-0.94,-1.09,1.0,4.0,0.0,4.0,0,1
9.0,9.0,35.0,3.4,0.99,0.98,1.0,4.0,0.0,3.0,1,1
6.0,7.0,42.0,3.2,0.26,0.38,1.0,3.0,1.0,4.0,1,1
2.0,1.0,37.0,2.7,-1.01,-1.49,1.0,2.0,0.0,4.0,0,1
10.0,9.0,34.0,3.4,1.7,1.08,1.0,3.0,1.0,3.0,1,1
3.0,3.0,32.0,3.5,-0.77,-0.67,1.0,4.0,0.0,6.0,1,1
6.0,5.0,36.0,2.9,0.08,-0.18,2.0,4.0,1.0,3.0,1,1
4.0,3.0,36.0,3.9,-0.32,-0.69,1.0,3.0,0.0,4.0,1,0
4.0,5.0,41.0,3.6,-0.26,-0.06,1.0,4.0,0.0,5.0,1,1
2.0,1.0,30.0,3.2,-0.84,-2.02,1.0,2.0,1.0,4.0,1,0
3.0,7.0,38.0,3.6,-0.56,0.47,1.0,3.0,0.0,4.0,0,1
3.0,4.0,28.0,3.1,-0.44,-0.5,2.0,3.0,1.0,3.0,1,1
5.0,6.0,30.0,3.0,-0.1,0.21,1.0,3.0,0.0,3.0,0,1
1.0,2.0,34.0,2.6,-1.3,-1.28,2.0,2.0,1.0,4.0,1,0
5.0,5.0,35.0,3.4,-0.11,-0.05,1.0,4.0,1.0,4.0,1,1
2.0,2.0,33.0,3.9,-0.91,-1.29,1.0,3.0,1.0,4.0,1,0
10.0,10.0,39.0,2.9,2.06,1.77,1.0,3.0,1.0,3.0,1,1
8.0,8.0,36.0,3.5,0.71,0.69,1.0,4.0,0.0,4.0,1,1
8.0,7.0,46.0,3.4,0.73,0.28,1.0,5.0,1.0,5.0,1,1
10.0,9.0,35.0,3.6,1.33,1.26,1.0,3.0,0.0,3.0,1,1
10.0,9.0,45.0,3.6,1.77,0.91,1.0,2.0,1.0,5.0,0,1
9.0,9.0,36.0,3.9,1.22,0.97,1.0,3.0,0.0,3.0,1,1
1.0,2.0,35.0,2.9,-1.28,-1.22,1.0,3.0,0.0,6.0,0,0
1.0,1.0,28.0,3.2,-2.0,-2.36,1.0,4.0,0.0,3.0,1,0
3.0,4.0,33.5,2.7,-0.48,-0.54,1.0,3.0,1.0,3.0,0,1
8.0,10.0,43.0,3.5,0.73,1.47,1.0,3.0,0.0,3.0,1,1
1.0,3.0,33.0,3.1,-1.23,-0.8,1.0,4.0,1.0,3.0,0,1
7.0,9.0,46.0,3.6,0.4,1.03,1.0,4.0,1.0,5.0,1,1
3.0,3.0,37.0,3.4,-0.6,-0.56,1.0,3.0,0.0,4.0,1,1
2.0,1.0,32.0,3.0,-0.94,-1.8,1.0,3.0,1.0,2.0,1,0
8.0,5.0,35.0,3.0,0.78,-0.16,1.0,4.0,1.0,5.0,0,1
6.0,3.0,32.0,3.4,0.2,-0.61,1.0,3.0,0.0,5.0,0,1
1.0,2.0,31.5,3.0,-1.5,-1.09,1.0,2.0,0.0,2.0,1,1
8.0,4.0,36.0,3.0,0.76,-0.4,1.0,4.0,1.0,3.0,1,1
3.0,2.0,34.0,3.5,-0.44,-1.22,1.0,4.0,0.0,3.0,1,1
4.0,6.0,35.0,2.8,-0.33,0.02,1.0,2.0,0.0,4.0,1,1
7.0,6.0,40.0,3.2,0.41,0.28,1.0,5.0,0.0,4.0,1,1
1.0,1.0,33.5,2.9,-1.19,-1.67,1.0,4.0,1.0,5.0,1,1
4.0,3.0,41.0,3.0,-0.4,-0.53,1.0,4.0,1.0,5.0,1,1
4.0,1.0,34.0,2.9,-0.24,-2.12,1.0,4.0,1.0,3.0,0,1
1.0,1.0,38.0,2.8,-1.45,-1.59,1.0,4.0,1.0,3.0,1,1
4.0,5.0,36.0,2.9,-0.21,-0.04,1.0,3.0,0.0,4.0,0,0
10.0,10.0,34.0,3.9,2.32,2.23,1.0,4.0,0.0,1.0,1,1
1.0,4.0,34.5,3.3,-1.17,-0.55,1.0,4.0,0.0,3.0,0,1
2.0,2.0,35.0,2.5,-0.85,-1.12,1.0,4.0,0.0,3.0,1,1
7.0,5.0,36.0,3.6,0.59,-0.12,1.0,3.0,0.0,4.0,1,1
9.0,8.0,41.0,2.3,0.93,0.67,1.0,4.0,1.0,3.0,1,1
10.0,10.0,41.0,3.6,1.67,1.43,1.0,4.0,1.0,5.0,1,1
4.0,6.0,22.7,3.2,-0.35,0.2,1.0,3.0,0.0,4.0,0,1
6.0,7.0,39.0,3.3,0.13,0.27,1.0,5.0,0.0,5.0,1,1
9.0,9.0,39.0,2.9,1.21,1.08,1.0,4.0,1.0,3.0,1,1
7.0,2.0,33.0,3.4,0.33,-0.9,1.0,3.0,1.0,3.0,1,1
10.0,9.0,38.0,3.1,2.04,1.14,2.0,3.0,1.0,5.0,1,1
6.0,6.0,46.0,3.7,0.24,0.1,1.0,4.0,0.0,6.0,1,1
7.0,7.0,36.0,3.6,0.45,0.44,1.0,3.0,0.0,3.0,1,1
3.0,5.0,39.0,2.7,-0.53,-0.25,1.0,4.0,1.0,3.0,1,1
5.0,6.0,30.0,3.6,-0.19,0.04,1.0,3.0,0.0,5.0,0,1
9.0,9.0,38.5,3.6,1.2,1.23,1.0,4.0,1.0,4.0,1,1
6.0,6.0,37.0,3.4,0.22,0.26,1.0,4.0,1.0,4.0,1,1
2.0,5.0,30.0,3.2,-0.97,-0.29,1.0,2.0,1.0,2.0,1,1
5.0,6.0,45.0,3.7,-0.09,0.05,1.0,4.0,1.0,6.0,1,1
2.0,3.0,34.0,3.5,-0.79,-0.59,1.0,2.0,0.0,4.0,0,1
2.0,5.0,35.0,2.6,-0.91,-0.25,1.0,4.0,1.0,4.0,1,1
8.0,5.0,35.0,2.7,0.58,-0.2,1.0,2.0,1.0,3.0,0,1
9.0,8.0,40.0,2.6,1.04,0.56,1.0,3.0,1.0,2.0,1,1
5.0,2.0,27.3,3.2,0.05,-0.99,1.0,3.0,1.0,3.0,1,0
6.0,3.0,33.0,3.3,0.32,-0.55,1.0,3.0,1.0,4.0,1,1
1.0,1.0,25.5,2.5,-1.76,-1.59,1.0,4.0,0.0,4.0,0,0
9.0,10.0,40.0,3.8,1.11,1.86,1.0,3.0,0.0,3.0,1,1
10.0,10.0,30.0,3.1,1.99,2.29,1.0,3.0,1.0,3.0,1,1
6.0,6.0,35.0,3.0,0.14,0.23,1.0,4.0,1.0,5.0,1,1
9.0,9.0,33.0,3.6,0.96,1.01,1.0,4.0,0.0,3.0,1,1
8.0,7.0,43.0,2.9,0.59,0.34,1.0,4.0,1.0,3.0,1,1
10.0,10.0,32.5,2.6,1.94,1.49,1.0,3.0,0.0,1.0,0,1
1.0,2.0,41.0,2.9,-1.13,-0.94,1.0,4.0,1.0,3.0,1,1
9.0,10.0,31.0,3.7,1.12,1.31,1.0,4.0,0.0,4.0,1,1
7.0,7.0,42.0,3.5,0.53,0.54,1.0,3.0,0.0,6.0,1,1
4.0,3.0,30.0,2.7,-0.23,-0.87,2.0,3.0,0.0,2.0,1,0
1.0,2.0,38.5,3.1,-1.34,-1.0,1.0,4.0,1.0,4.0,1,1
6.0,8.0,39.0,3.2,0.27,0.59,1.0,1.0,0.0,5.0,1,1
9.0,10.0,35.0,3.2,1.16,1.48,1.0,2.0,1.0,2.0,1,1
10.0,10.0,41.0,3.8,1.73,2.16,1.0,3.0,1.0,4.0,1,1
7.0,5.0,35.0,3.2,0.38,-0.11,2.0,3.0,1.0,4.0,1,1
4.0,3.0,29.0,3.1,-0.4,-0.64,1.0,4.0,0.0,2.0,1,1
5.0,4.0,36.0,2.3,-0.1,-0.31,1.0,2.0,1.0,3.0,1,1
8.0,9.0,36.0,3.7,0.89,1.15,1.0,5.0,1.0,4.0,1,1
2.0,4.0,32.0,3.5,-0.84,-0.43,1.0,4.0,0.0,3.0,0,1
5.0,7.0,38.0,3.5,0.08,0.54,1.0,4.0,0.0,4.0,1,1
2.0,3.0,37.5,3.1,-0.79,-0.88,1.0,4.0,0.0,3.0,0,1
8.0,8.0,43.0,3.5,0.64,0.58,1.0,4.0,0.0,4.0,1,1
7.0,3.0,38.0,2.4,0.43,-0.6,1.0,4.0,1.0,4.0,1,1
3.0,2.0,43.0,2.6,-0.75,-1.17,1.0,1.0,1.0,5.0,1,1
6.0,5.0,42.0,3.5,0.15,-0.18,1.0,4.0,1.0,6.0,0,1
4.0,4.0,26.5,2.4,-0.43,-0.36,1.0,3.0,1.0,5.0,0,1
8.0,6.0,35.0,3.3,0.76,0.29,1.0,5.0,0.0,4.0,1,1
2.0,1.0,36.0,3.1,-0.77,-1.44,1.0,2.0,1.0,4.0,1,1
8.0,7.0,40.0,3.8,0.93,0.43,1.0,3.0,1.0,6.0,1,1
2.0,1.0,40.0,3.5,-1.0,-1.38,1.0,4.0,1.0,6.0,0,1
3.0,4.0,40.0,3.4,-0.65,-0.39,1.0,4.0,1.0,3.0,1,1
5.0,3.0,31.5,3.1,-0.02,-0.63,1.0,4.0,0.0,3.0,1,0
7.0,6.0,34.0,3.5,0.5,0.19,2.0,4.0,0.0,3.0,1,1
8.0,9.0,41.0,3.8,0.68,0.94,1.0,3.0,0.0,4.0,1,1
1.0,1.0,19.0,3.0,-2.02,-2.31,1.0,1.0,0.0,3.0,0,0
8.0,10.0,44.0,3.9,0.74,1.54,1.0,3.0,0.0,3.0,1,1
7.0,7.0,32.0,3.1,0.55,0.48,1.0,3.0,1.0,2.0,1,1
10.0,10.0,36.0,3.0,2.76,1.87,2.0,3.0,1.0,5.0,1,1
3.0,2.0,43.0,2.8,-0.59,-1.0,1.0,4.0,1.0,4.0,1,1
6.0,7.0,38.0,3.0,0.27,0.42,1.0,5.0,0.0,4.0,1,1
4.0,3.0,33.0,3.8,-0.32,-0.76,1.0,4.0,0.0,5.0,1,1
5.0,8.0,32.0,3.2,-0.11,0.82,1.0,4.0,1.0,3.0,1,1
2.0,2.0,41.0,3.4,-0.92,-0.85,1.0,3.0,1.0,6.0,0,1
1.0,1.0,27.0,3.7,-1.87,-1.49,1.0,3.0,1.0,4.0,1,1
5.0,3.0,45.0,2.5,-0.13,-0.57,1.0,4.0,1.0,6.0,1,1
5.0,4.0,27.5,2.7,0.0,-0.39,1.0,4.0,0.0,3.0,1,0
9.0,9.0,36.0,3.1,1.16,1.26,1.0,3.0,1.0,3.0,1,1
5.0,2.0,39.0,2.7,-0.14,-0.9,1.0,4.0,1.0,3.0,1,1
4.0,5.0,33.5,2.6,-0.22,-0.26,1.0,3.0,0.0,3.0,0,1
1.0,3.0,32.5,2.9,-1.28,-0.81,1.0,4.0,1.0,3.0,1,1
7.0,6.0,47.0,4.0,0.31,0.22,1.0,4.0,0.0,5.0,1,1
6.0,6.0,44.0,3.6,0.07,0.13,1.0,4.0,0.0,5.0,1,1
7.0,7.0,34.0,3.7,0.61,0.56,1.0,3.0,1.0,4.0,1,1
9.0,9.0,42.0,3.9,1.06,1.08,1.0,4.0,1.0,4.0,1,1
3.0,3.0,37.0,3.6,-0.61,-0.68,1.0,3.0,1.0,4.0,1,1
7.0,7.0,42.0,3.7,0.46,0.36,1.0,4.0,1.0,4.0,1,1
1.0,1.0,40.0,3.3,-1.28,-1.41,1.0,5.0,0.0,3.0,1,1
8.0,9.0,28.0,3.2,0.74,0.92,1.0,4.0,1.0,2.0,1,1
6.0,8.0,45.0,3.8,0.3,0.66,1.0,4.0,1.0,4.0,0,1
4.0,3.0,44.0,3.5,-0.29,-0.83,1.0,2.0,0.0,4.0,0,1
4.0,4.0,40.0,3.0,-0.41,-0.38,1.0,4.0,1.0,4.0,1,1
4.0,1.0,35.0,2.8,-0.4,-1.9,1.0,4.0,0.0,2.0,1,0
10.0,7.0,38.0,2.8,1.45,0.48,1.0,4.0,1.0,3.0,1,1
8.0,9.0,44.0,3.2,0.71,1.12,1.0,2.0,1.0,5.0,1,1
8.0,3.0,32.0,2.5,0.59,-0.64,1.0,4.0,1.0,3.0,1,1
7.0,5.0,40.5,2.6,0.49,-0.2,2.0,4.0,1.0,4.0,1,1
2.0,1.0,40.0,3.7,-1.05,-1.46,1.0,4.0,1.0,5.0,1,0
8.0,8.0,35.0,3.0,0.69,0.73,1.0,2.0,0.0,3.0,1,1
7.0,7.0,42.0,3.8,0.49,0.5,1.0,3.0,0.0,5.0,1,1
5.0,8.0,46.0,3.7,-0.18,0.66,1.0,3.0,1.0,5.0,0,1
7.0,3.0,41.0,3.2,0.32,-0.57,1.0,4.0,1.0,5.0,1,1
5.0,6.0,28.0,3.3,-0.07,0.06,1.0,4.0,1.0,2.0,1,1
4.0,1.0,47.0,3.0,-0.43,-1.3,1.0,4.0,1.0,5.0,1,1
10.0,10.0,40.0,3.3,1.76,1.93,1.0,4.0,0.0,3.0,1,1
1.0,3.0,34.0,3.6,-1.21,-0.8,1.0,4.0,0.0,4.0,1,1
3.0,6.0,33.0,3.7,-0.55,0.01,1.0,3.0,0.0,1.0,0,1
1.0,2.0,36.5,3.2,-1.35,-0.96,1.0,4.0,0.0,3.0,1,1
5.0,7.0,30.0,2.6,0.01,0.35,1.0,2.0,1.0,2.0,1,1
4.0,5.0,41.0,3.8,-0.24,-0.2,1.0,4.0,0.0,6.0,1,1
2.0,3.0,37.0,2.9,-0.81,-0.65,1.0,4.0,0.0,5.0,1,1
8.0,8.0,32.0,3.6,0.78,0.68,1.0,4.0,1.0,4.0,1,1
6.0,5.0,40.0,2.7,0.11,-0.23,1.0,5.0,0.0,4.0,1,1
5.0,6.0,48.0,3.9,-0.15,0.13,1.0,4.0,1.0,5.0,1,1
9.0,10.0,31.0,3.5,1.06,1.52,1.0,4.0,1.0,3.0,1,1
7.0,8.0,40.0,3.9,0.6,0.77,1.0,3.0,1.0,4.0,1,1
1.0,1.0,39.0,2.8,-1.81,-1.62,1.0,4.0,0.0,4.0,1,0
6.0,10.0,30.5,2.7,0.31,1.55,2.0,5.0,1.0,3.0,1,1
6.0,7.0,38.0,3.6,0.19,0.37,1.0,3.0,0.0,4.0,0,1
1.0,1.0,35.0,3.4,-1.83,-1.99,1.0,4.0,0.0,5.0,0,1
3.0,1.0,40.0,2.9,-0.64,-1.43,1.0,4.0,0.0,2.0,1,0
2.0,2.0,37.0,3.1,-0.86,-1.21,1.0,5.0,0.0,3.0,1,0
4.0,2.0,37.0,3.4,-0.32,-1.05,2.0,2.0,1.0,4.0,1,1
6.0,5.0,27.7,2.9,0.16,-0.3,2.0,4.0,1.0,2.0,1,1
2.0,3.0,32.0,3.2,-1.03,-0.81,1.0,4.0,0.0,5.0,0,1
1.0,1.0,21.0,2.2,-1.72,-1.74,1.0,2.0,1.0,4.0,0,0
8.0,8.0,41.0,3.7,0.72,0.54,1.0,3.0,1.0,5.0,1,1
4.0,2.0,29.0,2.9,-0.35,-0.94,1.0,3.0,0.0,5.0,0,1
10.0,10.0,39.0,3.7,2.04,1.65,1.0,2.0,1.0,4.0,1,1
3.0,5.0,32.5,2.9,-0.55,-0.22,1.0,4.0,0.0,5.0,1,1
10.0,10.0,37.0,3.7,2.53,2.43,1.0,4.0,0.0,2.0,1,1
2.0,2.0,32.0,3.5,-0.86,-0.91,1.0,3.0,0.0,3.0,1,1
3.0,3.0,29.0,3.5,-0.62,-0.7,1.0,4.0,0.0,4.0,0,1
5.0,3.0,25.5,2.8,-0.08,-0.69,1.0,4.0,1.0,3.0,1,1
1.0,1.0,39.0,2.9,-1.57,-1.89,1.0,3.0,1.0,5.0,0,1
6.0,6.0,40.0,3.9,0.24,0.06,1.0,3.0,1.0,6.0,1,1
6.0,7.0,38.0,3.0,0.23,0.32,1.0,4.0,0.0,4.0,1,1
4.0,5.0,24.0,2.1,-0.2,-0.2,1.0,4.0,0.0,1.0,0,0
10.0,10.0,33.0,2.7,1.37,1.53,1.0,5.0,1.0,3.0,1,1
4.0,5.0,36.0,3.4,-0.4,-0.26,1.0,3.0,0.0,2.0,1,1
6.0,7.0,36.0,3.0,0.2,0.35,1.0,2.0,1.0,3.0,1,1
5.0,5.0,31.0,2.9,-0.03,-0.17,1.0,4.0,0.0,2.0,1,1
6.0,6.0,35.0,2.9,0.14,0.14,1.0,2.0,0.0,2.0,0,1
1.0,1.0,36.0,2.8,-1.98,-1.97,1.0,4.0,1.0,3.0,0,1
10.0,10.0,46.0,3.6,1.83,1.6,1.0,3.0,0.0,4.0,1,1
9.0,9.0,36.0,3.1,1.08,1.16,1.0,3.0,1.0,2.0,1,1
4.0,3.0,42.0,3.8,-0.22,-0.79,1.0,3.0,0.0,2.0,1,1
8.0,9.0,39.0,2.9,0.89,1.24,1.0,3.0,0.0,4.0,1,1
8.0,7.0,42.0,3.7,0.71,0.55,1.0,4.0,1.0,4.0,1,1
2.0,2.0,34.0,3.3,-0.82,-1.03,1.0,2.0,1.0,4.0,1,1
10.0,7.0,42.0,3.1,1.57,0.27,1.0,4.0,1.0,6.0,1,1
7.0,9.0,33.0,3.3,0.5,1.07,1.0,3.0,1.0,3.0,1,1
1.0,3.0,29.0,3.4,-1.32,-0.88,1.0,3.0,1.0,2.0,1,1
5.0,4.0,37.0,3.4,0.04,-0.43,2.0,3.0,0.0,4.0,1,1
5.0,6.0,33.0,2.9,0.01,0.16,1.0,4.0,1.0,3.0,1,1
4.0,5.0,33.0,3.1,-0.24,-0.08,1.0,2.0,1.0,5.0,0,1
10.0,9.0,45.0,3.9,1.75,1.03,1.0,4.0,0.0,5.0,1,1
2.0,2.0,29.0,2.4,-0.98,-1.26,1.0,5.0,1.0,4.0,1,1
1.0,4.0,38.0,2.3,-1.18,-0.44,1.0,3.0,1.0,3.0,1,1
7.0,8.0,35.0,3.4,0.4,0.82,1.0,3.0,0.0,4.0,1,1
8.0,6.0,34.0,3.3,0.84,0.2,1.0,4.0,1.0,3.0,1,1
6.0,5.0,25.0,2.6,0.26,-0.09,1.0,3.0,1.0,4.0,1,1
8.0,8.0,45.0,3.2,0.85,0.79,1.0,3.0,1.0,6.0,1,1
6.0,7.0,42.0,2.9,0.23,0.31,1.0,3.0,1.0,5.0,1,1
9.0,9.0,35.0,3.4,0.91,0.95,1.0,2.0,1.0,4.0,1,1
1.0,2.0,37.0,3.7,-1.21,-1.25,1.0,5.0,0.0,4.0,0,1
4.0,2.0,29.0,3.0,-0.32,-0.89,1.0,1.0,0.0,5.0,0,1
4.0,3.0,33.0,3.4,-0.29,-0.81,1.0,4.0,1.0,2.0,1,1
7.0,6.0,39.0,3.4,0.45,0.22,1.0,4.0,1.0,4.0,1,1
5.0,2.0,28.0,2.4,-0.05,-1.22,1.0,4.0,1.0,5.0,1,1
10.0,10.0,34.0,3.1,1.73,1.61,1.0,3.0,0.0,3.0,1,1
10.0,10.0,39.0,3.7,1.37,1.34,1.0,4.0,1.0,5.0,1,1
1.0,2.0,38.0,2.5,-1.81,-1.3,1.0,4.0,1.0,4.0,0,1
5.0,4.0,33.0,3.1,0.01,-0.39,1.0,4.0,1.0,3.0,1,1
6.0,9.0,41.0,3.8,0.23,1.15,1.0,3.0,0.0,5.0,0,1
4.0,4.0,28.0,2.8,-0.34,-0.6,1.0,3.0,0.0,2.0,0,1
5.0,6.0,41.0,3.1,-0.11,0.21,1.0,4.0,1.0,4.0,1,1
8.0,9.0,47.0,3.7,0.81,0.97,1.0,3.0,1.0,4.0,1,1
1.0,1.0,31.0,3.1,-1.16,-1.32,1.0,3.0,0.0,2.0,1,1
3.0,3.0,45.0,3.9,-0.47,-0.82,1.0,2.0,1.0,4.0,1,1
8.0,7.0,23.0,2.9,0.72,0.32,1.0,1.0,1.0,1.0,0,1
7.0,8.0,48.0,2.8,0.33,0.69,1.0,2.0,1.0,3.0,1,1
10.0,9.0,35.0,3.9,1.55,1.3,1.0,3.0,0.0,3.0,1,1
6.0,4.0,46.0,4.0,0.2,-0.3,1.0,4.0,1.0,5.0,0,1
1.0,3.0,32.5,3.1,-1.25,-0.81,1.0,3.0,0.0,3.0,0,1
4.0,4.0,32.0,2.8,-0.21,-0.43,1.0,4.0,1.0,4.0,1,1
6.0,5.0,37.5,3.5,0.29,-0.14,2.0,3.0,0.0,3.0,1,1
5.0,1.0,38.0,3.0,-0.09,-1.52,1.0,2.0,1.0,4.0,1,1
1.0,1.0,40.0,2.8,-1.43,-1.48,1.0,3.0,1.0,4.0,0,1
4.0,4.0,38.7,3.3,-0.4,-0.51,1.0,3.0,0.0,4.0,1,1
9.0,5.0,38.0,3.2,1.3,-0.13,1.0,5.0,0.0,6.0,0,1
1.0,1.0,42.0,3.3,-1.33,-1.55,1.0,3.0,1.0,3.0,1,1
7.0,8.0,37.0,2.8,0.42,0.58,1.0,5.0,0.0,4.0,1,1
5.0,7.0,34.5,3.6,0.08,0.37,1.0,4.0,0.0,4.0,1,1
1.0,1.0,47.0,3.4,-1.24,-1.63,1.0,4.0,1.0,6.0,1,1
1.0,1.0,32.0,2.8,-1.11,-1.42,1.0,4.0,1.0,3.0,0,1
8.0,9.0,47.0,3.3,0.83,0.87,1.0,2.0,1.0,5.0,1,1
5.0,7.0,47.0,3.6,-0.14,0.54,1.0,4.0,0.0,6.0,0,1
8.0,8.0,38.0,3.6,0.77,0.88,1.0,4.0,0.0,4.0,1,1
10.0,9.0,34.0,3.9,1.43,1.02,1.0,4.0,0.0,3.0,1,1
2.0,2.0,36.0,2.9,-0.91,-0.9,1.0,4.0,0.0,1.0,0,1
10.0,10.0,42.0,3.9,1.31,1.51,1.0,4.0,0.0,4.0,1,1
5.0,5.0,37.5,3.4,-0.1,-0.17,1.0,3.0,0.0,5.0,1,1
1.0,2.0,35.5,3.4,-1.2,-1.11,1.0,4.0,0.0,5.0,0,1
8.0,8.0,45.0,3.1,0.8,0.61,1.0,3.0,1.0,5.0,1,1
7.0,7.0,20.5,3.2,0.48,0.36,1.0,3.0,0.0,1.0,0,0
7.0,6.0,37.0,3.0,0.52,0.29,1.0,3.0,1.0,4.0,0,1
9.0,10.0,40.0,3.6,0.89,1.49,2.0,3.0,0.0,3.0,1,1
5.0,3.0,28.0,3.2,-0.17,-0.76,1.0,4.0,1.0,2.0,1,0
3.0,3.0,35.0,2.8,-0.45,-0.89,1.0,4.0,0.0,2.0,1,1
4.0,6.0,25.0,2.7,-0.22,0.27,1.0,2.0,0.0,4.0,0,1
10.0,10.0,39.0,3.4,1.71,1.55,1.0,4.0,1.0,3.0,1,1
9.0,10.0,39.0,2.7,1.03,2.05,1.0,2.0,1.0,3.0,1,1
8.0,7.0,30.5,3.2,0.71,0.45,1.0,4.0,0.0,5.0,1,1
8.0,8.0,35.0,3.2,0.67,0.72,1.0,4.0,0.0,2.0,1,1
5.0,9.0,41.0,3.9,-0.15,0.85,1.0,4.0,1.0,6.0,1,1
8.0,7.0,40.0,2.9,0.65,0.51,1.0,3.0,0.0,4.0,1,1
10.0,9.0,30.0,3.3,1.33,1.14,1.0,3.0,1.0,4.0,1,1
7.0,8.0,33.0,3.2,0.42,0.76,1.0,2.0,0.0,3.0,1,1
7.0,7.0,30.3,2.7,0.3,0.32,1.0,4.0,0.0,2.0,1,1
6.0,7.0,46.0,3.8,0.21,0.31,1.0,3.0,0.0,5.0,1,1
3.0,4.0,32.5,3.2,-0.53,-0.34,1.0,5.0,1.0,3.0,1,1
7.0,6.0,23.0,2.6,0.48,0.07,1.0,1.0,0.0,3.0,0,1
9.0,8.0,24.5,3.7,0.96,0.56,1.0,1.0,0.0,3.0,1,1
8.0,7.0,44.0,3.6,0.75,0.35,1.0,4.0,1.0,5.0,1,1
2.0,4.0,37.0,2.6,-0.75,-0.45,1.0,5.0,0.0,3.0,1,1
10.0,9.0,44.0,3.6,1.88,1.24,1.0,3.0,1.0,5.0,1,1
10.0,10.0,44.0,3.6,2.32,1.94,1.0,3.0,0.0,3.0,1,1
4.0,5.0,39.0,3.7,-0.34,-0.15,1.0,4.0,0.0,3.0,1,1
3.0,1.0,32.0,3.1,-0.44,-1.47,1.0,4.0,0.0,3.0,1,0
4.0,6.0,46.0,3.1,-0.17,0.04,1.0,4.0,1.0,4.0,1,1
8.0,9.0,39.0,2.8,0.7,1.03,1.0,3.0,1.0,2.0,0,1
2.0,2.0,40.0,3.9,-0.8,-1.26,1.0,2.0,1.0,5.0,1,0
7.0,8.0,42.0,3.4,0.38,0.56,1.0,4.0,1.0,3.0,1,1
7.0,8.0,42.0,3.3,0.54,0.73,1.0,3.0,0.0,4.0,0,1
5.0,3.0,37.0,2.6,-0.16,-0.67,1.0,2.0,1.0,4.0,1,1
7.0,3.0,29.0,2.7,0.44,-0.8,1.0,2.0,1.0,2.0,0,1
5.0,3.0,41.0,3.6,-0.06,-0.64,1.0,2.0,0.0,5.0,1,1
2.0,1.0,38.0,3.2,-0.98,-1.72,1.0,4.0,0.0,4.0,1,1
10.0,10.0,42.0,3.5,1.31,1.54,1.0,3.0,0.0,4.0,1,1
7.0,4.0,33.5,2.9,0.47,-0.36,1.0,3.0,1.0,3.0,0,1
5.0,5.0,27.0,3.4,-0.1,-0.25,1.0,3.0,1.0,3.0,1,1
5.0,3.0,34.0,3.5,0.08,-0.7,1.0,4.0,0.0,4.0,1,1
6.0,8.0,29.0,3.2,0.12,0.78,1.0,4.0,1.0,2.0,1,1
8.0,10.0,44.0,3.1,0.93,1.3,1.0,3.0,1.0,6.0,1,1
3.0,5.0,36.0,2.7,-0.68,-0.28,1.0,3.0,0.0,3.0,0,1
7.0,5.0,41.0,3.4,0.3,-0.01,1.0,2.0,0.0,5.0,0,1
2.0,2.0,31.0,3.2,-0.82,-1.07,1.0,4.0,0.0,3.0,0,1
8.0,7.0,39.0,3.8,0.58,0.32,1.0,3.0,1.0,5.0,1,1
5.0,5.0,30.0,2.9,-0.14,-0.11,1.0,3.0,0.0,4.0,0,1
9.0,9.0,42.0,3.4,0.99,1.12,1.0,4.0,0.0,3.0,1,1
2.0,2.0,34.0,3.5,-0.93,-1.28,1.0,4.0,0.0,4.0,1,1
10.0,10.0,42.0,3.6,1.48,1.69,1.0,4.0,1.0,5.0,1,1
7.0,8.0,34.0,3.5,0.35,0.76,1.0,2.0,1.0,5.0,1,1
3.0,4.0,32.0,3.2,-0.52,-0.5,2.0,2.0,0.0,3.0,1,1
8.0,8.0,32.5,2.7,0.61,0.75,1.0,3.0,1.0,2.0,1,1
8.0,4.0,29.5,3.1,0.66,-0.57,1.0,4.0,1.0,2.0,1,1
5.0,3.0,28.0,2.9,0.02,-0.76,1.0,4.0,0.0,1.0,0,1
9.0,3.0,36.0,2.9,1.19,-0.61,1.0,3.0,1.0,4.0,1,1
5.0,3.0,37.0,3.4,-0.12,-0.57,1.0,3.0,1.0,6.0,0,1
2.0,3.0,34.0,3.3,-1.04,-0.72,1.0,5.0,0.0,5.0,0,1
2.0,1.0,28.5,3.0,-1.16,-1.55,1.0,4.0,0.0,5.0,0,1
6.0,8.0,42.0,2.9,0.27,0.74,1.0,4.0,1.0,4.0,1,1
4.0,2.0,39.0,3.0,-0.3,-0.92,1.0,3.0,0.0,3.0,1,1
7.0,5.0,26.0,2.5,0.4,-0.08,1.0,3.0,0.0,1.0,0,1
2.0,4.0,33.0,3.1,-0.71,-0.5,1.0,3.0,0.0,3.0,1,1
8.0,9.0,41.0,3.2,0.75,1.0,1.0,4.0,0.0,3.0,1,1
9.0,2.0,34.0,2.8,1.32,-0.93,1.0,3.0,1.0,6.0,1,1
4.0,7.0,36.0,3.0,-0.18,0.28,2.0,4.0,0.0,3.0,1,1
8.0,8.0,48.0,2.4,0.57,0.75,2.0,4.0,1.0,3.0,1,1
7.0,7.0,34.0,3.5,0.52,0.44,1.0,3.0,0.0,3.0,1,1
3.0,3.0,35.0,3.2,-0.46,-0.58,1.0,3.0,1.0,3.0,0,1
7.0,7.0,45.0,3.2,0.43,0.47,1.0,4.0,1.0,4.0,1,1
5.0,6.0,34.5,3.5,0.03,0.12,1.0,3.0,0.0,3.0,1,1
6.0,5.0,45.0,3.0,0.19,-0.22,1.0,3.0,0.0,5.0,1,1
10.0,2.0,36.0,2.3,1.5,-0.89,1.0,4.0,0.0,6.0,0,1
1.0,1.0,25.0,3.1,-1.44,-1.5,1.0,4.0,0.0,4.0,0,0
2.0,5.0,48.0,4.0,-0.96,-0.01,1.0,3.0,0.0,5.0,1,1
8.0,6.0,37.0,3.5,0.78,0.17,1.0,4.0,0.0,3.0,1,1
6.0,8.0,33.0,2.8,0.21,0.54,1.0,5.0,0.0,5.0,1,1
4.0,5.0,36.0,2.7,-0.26,-0.1,1.0,1.0,1.0,3.0,0,1
2.0,4.0,31.0,3.3,-0.95,-0.47,1.0,3.0,0.0,3.0,1,1
3.0,1.0,35.0,2.7,-0.56,-1.67,1.0,4.0,1.0,2.0,1,0
9.0,8.0,40.0,2.7,1.05,0.86,1.0,4.0,1.0,3.0,1,1
3.0,1.0,47.0,3.8,-0.58,-1.76,1.0,4.0,1.0,6.0,1,1
8.0,7.0,29.0,3.2,0.58,0.37,1.0,4.0,1.0,3.0,1,1
7.0,9.0,41.0,3.7,0.55,1.08,1.0,1.0,1.0,5.0,0,1
7.0,7.0,41.0,3.7,0.34,0.43,1.0,4.0,0.0,5.0,0,1
2.0,1.0,35.0,2.6,-1.04,-1.68,1.0,2.0,1.0,4.0,0,1
10.0,10.0,38.0,3.4,1.9,2.21,1.0,4.0,1.0,3.0,1,1
5.0,5.0,39.0,3.4,0.02,-0.04,1.0,4.0,0.0,4.0,1,1
1.0,1.0,32.0,3.3,-3.04,-1.96,1.0,4.0,0.0,6.0,0,1
4.0,3.0,41.0,3.6,-0.34,-0.61,1.0,3.0,0.0,6.0,1,1
3.0,2.0,35.0,2.8,-0.51,-1.07,1.0,2.0,1.0,5.0,0,1
2.0,2.0,34.0,2.9,-0.83,-1.12,1.0,2.0,1.0,2.0,1,1
5.0,3.0,33.0,2.9,-0.02,-0.58,1.0,3.0,0.0,5.0,0,1
2.0,2.0,32.0,3.5,-0.88,-0.9,1.0,5.0,0.0,4.0,0,1
3.0,3.0,42.0,3.5,-0.69,-0.79,1.0,4.0,1.0,4.0,1,1
3.0,3.0,36.0,2.2,-0.47,-0.79,1.0,4.0,1.0,1.0,0,1
8.0,8.0,39.0,3.1,0.89,0.82,1.0,4.0,0.0,4.0,1,1
3.0,4.0,36.0,3.7,-0.47,-0.37,1.0,4.0,0.0,4.0,1,1
8.0,10.0,46.0,3.9,0.59,1.6,1.0,4.0,0.0,5.0,1,1
2.0,2.0,35.0,2.9,-0.73,-1.01,1.0,4.0,1.0,2.0,1,0
10.0,10.0,47.0,3.4,1.5,1.35,1.0,4.0,0.0,6.0,1,1
5.0,5.0,33.5,3.4,0.0,-0.21,1.0,1.0,0.0,3.0,1,1
9.0,9.0,48.0,3.9,0.89,0.99,1.0,4.0,1.0,5.0,0,1
10.0,10.0,36.0,3.8,2.33,1.88,1.0,4.0,0.0,3.0,1,1
3.0,5.0,37.0,3.3,-0.47,-0.09,1.0,4.0,0.0,3.0,1,1
9.0,8.0,43.0,3.4,1.08,0.75,1.0,4.0,1.0,4.0,1,1
10.0,10.0,40.0,3.3,1.96,1.93,2.0,4.0,1.0,2.0,1,1
10.0,10.0,34.0,3.2,2.05,1.8,1.0,4.0,0.0,3.0,1,1
6.0,7.0,40.0,3.2,0.23,0.31,1.0,4.0,0.0,5.0,1,1
3.0,4.0,44.0,3.6,-0.67,-0.43,1.0,4.0,1.0,4.0,1,1
6.0,4.0,35.0,3.3,0.14,-0.39,1.0,2.0,0.0,5.0,1,1
1.0,3.0,17.5,3.6,-1.28,-0.81,1.0,2.0,1.0,3.0,0,1
5.0,6.0,36.0,3.3,-0.2,0.12,1.0,3.0,0.0,5.0,1,1
5.0,4.0,39.0,3.5,0.03,-0.32,1.0,4.0,0.0,5.0,0,1
6.0,7.0,32.5,3.9,0.2,0.36,1.0,4.0,1.0,5.0,1,1
3.0,3.0,32.0,2.9,-0.56,-0.68,1.0,3.0,1.0,5.0,0,1
9.0,10.0,36.0,3.3,0.89,1.47,1.0,4.0,1.0,3.0,1,1
7.0,8.0,39.0,3.6,0.52,0.58,1.0,3.0,0.0,3.0,1,1
8.0,9.0,39.0,3.5,0.84,1.14,1.0,4.0,0.0,4.0,1,1
8.0,8.0,33.0,3.1,0.78,0.71,1.0,4.0,1.0,3.0,1,1
8.0,9.0,31.0,3.8,0.69,1.22,1.0,3.0,1.0,5.0,0,1
6.0,7.0,44.0,4.0,0.22,0.42,1.0,3.0,0.0,6.0,0,1
4.0,3.0,35.0,2.9,-0.41,-0.75,1.0,3.0,1.0,3.0,1,1
10.0,10.0,38.0,3.1,1.56,1.41,1.0,5.0,0.0,3.0,1,1
6.0,7.0,38.0,3.7,0.14,0.46,1.0,5.0,1.0,5.0,1,1
9.0,9.0,40.0,3.6,1.19,1.15,1.0,4.0,0.0,3.0,1,1
9.0,9.0,38.0,3.3,1.09,1.17,1.0,4.0,0.0,5.0,1,1
1.0,2.0,29.5,2.3,-1.24,-0.97,1.0,4.0,0.0,1.0,0,0
10.0,10.0,37.0,3.0,2.1,1.57,1.0,3.0,1.0,3.0,1,1
5.0,3.0,40.0,2.6,-0.03,-0.6,1.0,3.0,1.0,5.0,1,1
6.0,6.0,39.0,2.7,0.21,0.1,1.0,4.0,0.0,4.0,1,1
8.0,9.0,33.0,3.8,0.7,1.22,1.0,3.0,0.0,3.0,1,1
8.0,5.0,37.0,3.1,0.74,-0.12,1.0,4.0,1.0,4.0,1,1
2.0,2.0,45.0,3.1,-0.73,-0.92,1.0,4.0,0.0,3.0,1,1
4.0,3.0,28.5,3.6,-0.41,-0.72,1.0,3.0,0.0,5.0,0,1
8.0,9.0,42.0,3.7,0.74,0.92,1.0,4.0,1.0,4.0,1,1
5.0,6.0,36.0,3.4,-0.09,0.04,1.0,4.0,0.0,4.0,1,1
8.0,5.0,21.0,3.1,0.59,-0.24,1.0,2.0,1.0,2.0,0,1
2.0,1.0,42.0,3.2,-0.76,-1.37,1.0,4.0,0.0,5.0,1,0
2.0,4.0,39.0,3.6,-0.97,-0.49,1.0,5.0,1.0,4.0,1,1
1.0,2.0,20.0,3.1,-1.29,-1.18,2.0,2.0,1.0,4.0,0,1
3.0,6.0,40.0,3.0,-0.43,0.02,1.0,5.0,0.0,3.0,1,1
5.0,3.0,37.0,2.9,-0.1,-0.82,1.0,3.0,1.0,4.0,1,1
6.0,8.0,42.0,4.0,0.07,0.79,1.0,2.0,0.0,3.0,1,1
6.0,7.0,34.0,2.7,0.19,0.33,2.0,3.0,1.0,3.0,1,1
6.0,5.0,39.0,2.8,0.28,-0.26,1.0,3.0,1.0,3.0,1,0
4.0,4.0,29.5,3.6,-0.26,-0.35,1.0,3.0,1.0,3.0,1,1
2.0,3.0,36.0,3.5,-0.74,-0.68,1.0,4.0,1.0,3.0,1,1
9.0,6.0,44.0,3.7,1.01,0.12,1.0,5.0,1.0,5.0,1,1
9.0,9.0,40.0,2.6,1.22,1.26,2.0,3.0,0.0,3.0,1,1
7.0,8.0,41.0,3.3,0.48,0.83,1.0,3.0,0.0,3.0,1,1
2.0,1.0,39.0,3.1,-1.07,-1.52,1.0,1.0,0.0,6.0,0,1
8.0,8.0,34.0,2.9,0.62,0.74,1.0,4.0,1.0,3.0,1,1
3.0,4.0,28.0,2.7,-0.59,-0.3,1.0,3.0,1.0,3.0,0,1
4.0,8.0,33.0,3.2,-0.24,0.61,1.0,4.0,0.0,3.0,1,1
9.0,9.0,39.0,3.2,1.2,1.02,1.0,2.0,1.0,4.0,1,1
1.0,1.0,39.0,3.8,-1.32,-2.0,1.0,4.0,1.0,4.0,1,0
8.0,9.0,40.0,3.0,0.86,1.22,1.0,4.0,1.0,3.0,1,1
4.0,6.0,33.0,3.2,-0.21,0.01,1.0,4.0,1.0,3.0,1,1
5.0,6.0,44.0,3.2,0.08,0.04,1.0,3.0,0.0,4.0,1,1
4.0,3.0,40.0,3.2,-0.3,-0.69,1.0,5.0,1.0,6.0,0,1
4.0,2.0,32.0,3.6,-0.21,-1.16,1.0,4.0,0.0,3.0,0,1
6.0,6.0,40.0,3.6,0.08,0.05,1.0,3.0,0.0,5.0,0,1
10.0,10.0,33.0,3.1,1.98,1.82,1.0,3.0,0.0,2.0,1,1
6.0,6.0,31.0,3.0,0.16,0.0,1.0,3.0,1.0,2.0,0,1
4.0,5.0,42.0,2.9,-0.36,0.01,2.0,4.0,1.0,5.0,1,1
5.0,6.0,30.3,3.3,0.06,0.02,1.0,3.0,0.0,4.0,0,1
8.0,10.0,38.0,3.4,0.8,1.34,1.0,2.0,1.0,3.0,1,1
10.0,9.0,40.0,3.3,1.31,1.2,2.0,4.0,1.0,5.0,1,1
5.0,6.0,35.0,3.2,-0.1,0.16,1.0,4.0,1.0,3.0,0,1
2.0,5.0,32.0,3.3,-0.8,-0.13,1.0,2.0,1.0,3.0,1,1
5.0,3.0,35.0,3.2,-0.1,-0.89,1.0,3.0,1.0,3.0,1,1
3.0,3.0,43.0,2.0,-0.6,-0.72,1.0,2.0,1.0,3.0,1,1
6.0,7.0,34.5,2.7,0.22,0.37,1.0,4.0,1.0,3.0,1,1
7.0,7.0,33.0,3.2,0.44,0.45,1.0,2.0,1.0,3.0,1,1
5.0,8.0,40.0,3.9,-0.02,0.64,1.0,4.0,1.0,4.0,1,1
9.0,6.0,35.0,3.3,0.96,0.18,1.0,4.0,1.0,3.0,1,1
1.0,3.0,31.0,3.3,-1.18,-0.82,1.0,2.0,1.0,4.0,0,1
3.0,4.0,38.0,2.9,-0.55,-0.44,1.0,4.0,1.0,3.0,0,1
8.0,6.0,40.0,3.0,0.77,0.23,1.0,4.0,1.0,6.0,1,1
8.0,8.0,33.5,3.6,0.72,0.63,1.0,3.0,0.0,4.0,1,1
7.0,9.0,48.0,3.2,0.58,1.0,1.0,4.0,0.0,6.0,1,1
1.0,1.0,30.0,3.1,-1.79,-1.48,1.0,4.0,1.0,3.0,1,1
2.0,2.0,43.0,3.6,-0.87,-1.04,1.0,4.0,0.0,4.0,0,1
2.0,4.0,35.5,3.2,-1.08,-0.54,1.0,4.0,1.0,3.0,1,1
8.0,6.0,34.0,2.7,0.73,0.14,1.0,3.0,0.0,3.0,1,1
9.0,8.0,39.0,3.5,1.2,0.86,1.0,2.0,0.0,4.0,1,1
6.0,6.0,43.0,3.3,0.19,0.04,1.0,4.0,1.0,5.0,1,1
8.0,9.0,42.0,3.9,0.65,0.92,1.0,4.0,0.0,4.0,1,1
4.0,4.0,38.0,2.6,-0.33,-0.51,1.0,4.0,1.0,3.0,1,0
9.0,6.0,34.0,3.4,1.17,0.28,1.0,4.0,1.0,4.0,1,1
3.0,3.0,37.0,3.2,-0.54,-0.63,1.0,4.0,1.0,3.0,1,1
9.0,9.0,36.0,3.6,1.1,0.93,1.0,3.0,0.0,3.0,0,1
4.0,3.0,46.0,3.7,-0.39,-0.85,1.0,2.0,1.0,5.0,1,1
1.0,1.0,21.0,3.1,-1.88,-1.43,1.0,3.0,0.0,3.0,0,1
5.0,6.0,27.0,3.3,-0.03,0.1,1.0,2.0,1.0,3.0,1,1
6.0,4.0,40.0,3.2,0.32,-0.39,1.0,3.0,1.0,4.0,1,1
8.0,6.0,36.0,3.2,0.83,0.04,1.0,3.0,1.0,3.0,1,1
5.0,4.0,35.0,2.8,-0.12,-0.27,1.0,2.0,0.0,4.0,0,1
1.0,1.0,36.0,3.5,-1.9,-1.51,1.0,2.0,0.0,6.0,1,1
4.0,4.0,32.0,3.1,-0.24,-0.45,1.0,3.0,1.0,3.0,1,1
7.0,5.0,38.0,3.0,0.46,-0.24,1.0,3.0,0.0,3.0,1,1
9.0,9.0,39.0,3.2,1.15,1.24,1.0,4.0,1.0,5.0,1,1
7.0,8.0,48.0,3.5,0.4,0.58,1.0,4.0,0.0,5.0,1,1
5.0,7.0,34.0,3.2,0.02,0.48,1.0,4.0,1.0,4.0,1,1
3.0,3.0,28.0,2.7,-0.61,-0.86,1.0,2.0,0.0,4.0,0,0
5.0,4.0,35.0,3.2,-0.17,-0.53,1.0,4.0,1.0,3.0,1,1
9.0,8.0,42.0,2.0,1.06,0.6,1.0,4.0,1.0,3.0,1,1
1.0,1.0,30.0,3.1,-1.2,-1.43,1.0,3.0,1.0,5.0,0,1
10.0,10.0,36.0,3.1,1.61,1.91,1.0,4.0,0.0,3.0,0,1
2.0,4.0,42.0,3.7,-0.87,-0.38,1.0,3.0,0.0,5.0,0,1
5.0,2.0,43.0,2.7,-0.13,-1.12,1.0,5.0,1.0,3.0,1,1
9.0,10.0,47.0,3.3,1.03,1.44,1.0,3.0,1.0,4.0,1,1
6.0,6.0,39.0,3.8,0.15,0.21,1.0,4.0,1.0,4.0,1,1
6.0,6.0,37.0,3.7,0.2,0.1,1.0,3.0,0.0,4.0,1,1
1.0,2.0,42.0,3.4,-1.21,-0.9,1.0,3.0,1.0,4.0,0,1
7.0,5.0,26.0,3.4,0.34,-0.11,1.0,4.0,0.0,3.0,0,1
10.0,10.0,46.0,3.6,1.85,1.68,1.0,3.0,1.0,6.0,1,1
3.0,3.0,37.0,2.9,-0.66,-0.64,1.0,5.0,1.0,3.0,1,1
4.0,6.0,35.0,3.9,-0.29,0.17,1.0,4.0,0.0,4.0,1,1
5.0,7.0,46.0,3.6,-0.03,0.39,1.0,4.0,0.0,4.0,1,1
5.0,5.0,38.0,3.2,-0.07,-0.25,1.0,4.0,1.0,3.0,1,1
2.0,1.0,32.5,2.8,-0.99,-1.4,1.0,4.0,1.0,3.0,1,1
9.0,10.0,37.0,3.1,1.27,1.58,1.0,3.0,1.0,3.0,0,1
5.0,7.0,37.0,2.9,-0.13,0.52,1.0,3.0,1.0,3.0,0,1
7.0,3.0,41.0,2.8,0.36,-0.52,1.0,4.0,1.0,6.0,1,1
9.0,8.0,44.0,3.7,1.16,0.8,1.0,4.0,1.0,5.0,1,1
4.0,2.0,33.5,2.4,-0.43,-1.17,1.0,2.0,1.0,2.0,1,1
4.0,6.0,42.0,3.5,-0.43,0.11,1.0,4.0,0.0,5.0,1,1
9.0,8.0,35.5,3.3,1.22,0.64,1.0,3.0,0.0,3.0,1,1
1.0,1.0,31.0,3.9,-1.83,-1.6,1.0,4.0,1.0,4.0,1,1
6.0,7.0,40.0,3.6,0.29,0.47,1.0,4.0,1.0,4.0,0,1
9.0,8.0,42.0,3.5,1.14,0.66,1.0,3.0,1.0,4.0,1,1
6.0,7.0,32.0,3.2,0.2,0.26,1.0,4.0,1.0,5.0,0,1
3.0,4.0,40.0,2.8,-0.69,-0.45,1.0,4.0,0.0,6.0,0,1
6.0,5.0,37.0,3.6,0.29,-0.1,1.0,3.0,1.0,4.0,1,1
6.0,5.0,39.0,3.1,0.25,-0.1,1.0,5.0,0.0,6.0,1,1
9.0,10.0,31.0,3.0,0.98,1.32,1.0,4.0,1.0,4.0,1,1
1.0,1.0,36.0,2.7,-1.21,-1.41,1.0,3.0,0.0,4.0,0,0
6.0,7.0,37.0,3.8,0.19,0.35,1.0,3.0,1.0,5.0,1,1
6.0,7.0,34.0,2.7,0.33,0.38,1.0,5.0,1.0,6.0,0,1
1.0,1.0,19.5,3.1,-1.54,-2.84,1.0,2.0,0.0,3.0,0,0
1.0,2.0,38.0,3.2,-1.13,-1.03,1.0,2.0,0.0,3.0,1,1
3.0,1.0,41.0,3.3,-0.75,-1.54,1.0,5.0,0.0,5.0,1,1
3.0,2.0,40.0,3.4,-0.52,-1.15,1.0,3.0,1.0,4.0,1,1
4.0,5.0,45.0,3.7,-0.2,-0.17,1.0,4.0,1.0,6.0,1,1
1.0,1.0,27.0,2.6,-1.48,-2.2,1.0,2.0,1.0,4.0,0,1
5.0,6.0,36.0,3.5,-0.1,0.06,1.0,4.0,1.0,3.0,1,1
1.0,1.0,38.0,2.7,-1.88,-1.81,1.0,4.0,0.0,4.0,0,1
10.0,10.0,36.0,3.3,1.39,1.38,1.0,2.0,0.0,3.0,1,1
10.0,10.0,41.0,3.2,1.81,1.68,1.0,4.0,0.0,4.0,1,1
7.0,7.0,32.0,3.6,0.52,0.44,1.0,4.0,0.0,3.0,1,1
3.0,3.0,26.3,3.6,-0.56,-0.83,2.0,3.0,0.0,3.0,1,0
9.0,9.0,43.0,3.8,1.01,1.03,1.0,3.0,0.0,4.0,1,1
10.0,8.0,45.0,3.6,1.59,0.76,1.0,5.0,1.0,5.0,1,1
5.0,4.0,46.0,3.4,-0.15,-0.36,1.0,3.0,0.0,6.0,1,1
1.0,1.0,38.0,2.9,-1.45,-1.74,1.0,4.0,0.0,2.0,1,0
6.0,6.0,38.0,3.6,0.29,0.1,1.0,4.0,1.0,3.0,1,1
1.0,1.0,25.0,2.7,-1.44,-2.02,1.0,3.0,0.0,3.0,1,0
4.0,3.0,30.0,3.1,-0.31,-0.85,1.0,4.0,0.0,3.0,1,1
3.0,5.0,38.0,2.8,-0.66,-0.06,1.0,3.0,0.0,3.0,1,0
4.0,3.0,33.0,2.9,-0.34,-0.58,1.0,4.0,1.0,4.0,1,0
1.0,1.0,35.0,2.2,-1.86,-1.79,1.0,2.0,1.0,4.0,0,1
2.0,2.0,39.0,3.3,-0.92,-1.21,1.0,4.0,1.0,5.0,0,1
8.0,5.0,45.0,2.9,0.59,-0.18,1.0,3.0,1.0,3.0,1,1
5.0,4.0,43.0,3.5,0.05,-0.44,1.0,4.0,1.0,5.0,1,1
7.0,6.0,39.5,2.6,0.44,0.02,1.0,4.0,0.0,4.0,0,1
10.0,9.0,20.0,3.3,1.42,1.07,1.0,3.0,1.0,1.0,0,1
2.0,1.0,33.0,3.1,-0.8,-1.29,1.0,3.0,0.0,2.0,1,0
10.0,10.0,46.0,3.9,2.18,2.08,1.0,3.0,1.0,3.0,1,1
10.0,10.0,44.0,3.6,1.62,1.66,1.0,3.0,0.0,4.0,1,1
7.0,6.0,39.0,3.3,0.52,0.13,1.0,3.0,0.0,5.0,0,1
1.0,1.0,36.0,2.6,-1.17,-1.57,1.0,4.0,1.0,5.0,0,1
4.0,3.0,39.0,3.4,-0.3,-0.57,1.0,3.0,1.0,4.0,1,1
5.0,6.0,30.0,3.9,-0.15,0.13,1.0,3.0,0.0,2.0,1,1
9.0,8.0,36.0,3.3,0.96,0.82,1.0,4.0,0.0,4.0,1,1
10.0,10.0,38.0,3.7,1.69,1.65,1.0,3.0,0.0,3.0,1,1
1.0,1.0,30.0,2.5,-1.51,-1.7,1.0,4.0,0.0,3.0,1,0
6.0,5.0,37.0,2.7,0.14,-0.08,1.0,2.0,1.0,5.0,1,1
10.0,10.0,47.0,2.8,1.43,1.49,1.0,5.0,0.0,5.0,1,1
5.0,5.0,47.0,3.6,-0.12,-0.15,1.0,4.0,1.0,5.0,1,1
4.0,4.0,39.0,3.8,-0.31,-0.32,1.0,4.0,1.0,6.0,1,1
10.0,10.0,38.0,3.6,1.41,1.94,1.0,3.0,1.0,3.0,1,1
3.0,3.0,35.0,2.7,-0.56,-0.75,1.0,5.0,1.0,2.0,1,1
10.0,10.0,37.0,3.3,2.15,1.64,1.0,4.0,1.0,4.0,1,1
1.0,2.0,39.0,3.2,-1.3,-1.14,1.0,5.0,0.0,5.0,1,1
2.0,2.0,47.0,3.6,-1.1,-0.98,1.0,2.0,0.0,6.0,1,1
9.0,10.0,39.0,3.3,0.91,1.35,1.0,4.0,1.0,2.0,1,1
5.0,4.0,38.0,3.3,-0.1,-0.5,1.0,4.0,1.0,3.0,1,1
4.0,4.0,34.0,2.9,-0.25,-0.33,1.0,4.0,1.0,3.0,1,1
4.0,7.0,38.0,3.9,-0.31,0.33,1.0,3.0,1.0,6.0,0,1
6.0,3.0,48.0,2.9,0.15,-0.64,1.0,4.0,0.0,2.0,1,1
4.0,2.0,39.0,3.5,-0.45,-1.05,1.0,2.0,1.0,5.0,0,1
4.0,6.0,41.0,3.5,-0.26,0.16,1.0,4.0,0.0,5.0,1,1
10.0,8.0,35.0,3.3,1.34,0.65,1.0,3.0,1.0,4.0,1,1
5.0,4.0,48.0,3.5,-0.15,-0.4,1.0,4.0,1.0,5.0,1,1
3.0,4.0,30.0,2.8,-0.66,-0.42,1.0,4.0,1.0,3.0,0,1
7.0,10.0,48.0,3.6,0.48,1.73,1.0,3.0,0.0,6.0,1,1
10.0,10.0,46.0,3.5,2.05,1.74,1.0,4.0,1.0,6.0,1,1
10.0,9.0,45.0,2.9,1.35,1.27,1.0,2.0,1.0,4.0,1,1
9.0,9.0,34.0,2.9,1.08,1.1,1.0,3.0,1.0,3.0,1,1
1.0,1.0,36.0,2.9,-1.39,-1.78,1.0,3.0,0.0,4.0,1,1
3.0,4.0,28.0,3.7,-0.58,-0.54,2.0,4.0,0.0,3.0,1,1
10.0,9.0,41.0,2.9,1.81,1.24,1.0,4.0,0.0,4.0,1,1
5.0,7.0,26.0,2.9,0.08,0.26,1.0,5.0,1.0,1.0,0,1
7.0,5.0,34.0,3.4,0.36,-0.05,1.0,2.0,1.0,3.0,0,1
6.0,5.0,35.3,3.3,0.22,-0.14,1.0,3.0,1.0,3.0,0,0
4.0,4.0,45.0,3.4,-0.29,-0.47,1.0,3.0,1.0,4.0,1,1
4.0,3.0,38.0,2.8,-0.37,-0.62,1.0,3.0,1.0,4.0,1,1
4.0,4.0,47.0,3.9,-0.2,-0.43,1.0,4.0,0.0,4.0,1,1
5.0,4.0,39.0,3.6,-0.08,-0.44,1.0,3.0,0.0,6.0,1,1
7.0,5.0,42.0,3.7,0.46,-0.21,1.0,2.0,1.0,4.0,1,1
8.0,6.0,44.0,3.8,0.64,0.18,1.0,4.0,0.0,4.0,1,1
9.0,8.0,39.0,2.4,0.87,0.6,1.0,4.0,1.0,3.0,1,1
9.0,9.0,40.0,2.5,1.1,1.1,1.0,3.0,1.0,3.0,1,1
5.0,9.0,28.0,2.7,-0.02,1.04,1.0,4.0,0.0,1.0,0,1
7.0,9.0,47.0,3.6,0.39,0.9,1.0,4.0,0.0,4.0,1,1
8.0,8.0,42.0,3.6,0.7,0.67,1.0,4.0,1.0,3.0,1,1
3.0,3.0,28.0,3.5,-0.66,-0.8,1.0,3.0,1.0,3.0,0,1
2.0,2.0,35.0,3.4,-0.75,-1.09,1.0,5.0,0.0,4.0,0,1
9.0,5.0,41.0,3.2,0.97,-0.12,1.0,3.0,1.0,5.0,1,1
2.0,2.0,33.0,3.4,-1.11,-1.04,1.0,4.0,0.0,6.0,0,1
9.0,8.0,25.0,3.5,1.03,0.79,1.0,2.0,1.0,3.0,0,1
5.0,7.0,36.0,2.8,0.0,0.29,1.0,5.0,1.0,5.0,1,1
1.0,2.0,40.0,3.3,-1.28,-1.01,1.0,2.0,1.0,5.0,1,0
9.0,7.0,48.0,3.8,1.21,0.46,1.0,4.0,1.0,5.0,1,1
10.0,10.0,33.0,3.5,1.48,1.53,1.0,2.0,1.0,5.0,1,1
9.0,9.0,37.0,2.9,1.16,1.08,1.0,3.0,1.0,3.0,1,1
7.0,6.0,36.0,3.0,0.58,0.06,1.0,4.0,1.0,4.0,1,1
10.0,8.0,37.0,3.5,1.66,0.72,2.0,2.0,0.0,3.0,1,1
9.0,9.0,43.0,3.7,0.95,1.2,1.0,5.0,1.0,5.0,1,1
5.0,8.0,46.0,3.2,-0.01,0.87,1.0,3.0,0.0,4.0,1,1
2.0,3.0,32.0,3.3,-0.75,-0.76,1.0,3.0,1.0,3.0,1,1
3.0,4.0,38.5,2.6,-0.69,-0.39,1.0,3.0,0.0,3.0,1,1
4.0,4.0,27.0,3.6,-0.3,-0.45,1.0,3.0,1.0,3.0,0,1
6.0,6.0,34.0,2.7,0.2,0.01,1.0,4.0,1.0,3.0,1,1
7.0,8.0,39.0,3.1,0.4,0.54,1.0,2.0,0.0,5.0,0,1
1.0,2.0,44.0,3.2,-1.23,-1.2,1.0,4.0,1.0,5.0,1,1
2.0,3.0,28.0,3.1,-0.92,-0.8,1.0,3.0,0.0,3.0,0,1
8.0,8.0,37.0,3.5,0.69,0.85,1.0,4.0,1.0,4.0,1,1
3.0,3.0,38.0,3.0,-0.69,-0.61,1.0,3.0,0.0,5.0,1,0
9.0,9.0,48.0,3.1,0.99,1.24,1.0,5.0,1.0,6.0,0,1
9.0,6.0,34.0,3.2,0.93,0.23,1.0,3.0,1.0,4.0,1,1
2.0,2.0,38.0,3.1,-0.95,-1.06,1.0,2.0,1.0,3.0,1,1
6.0,7.0,37.0,3.8,0.15,0.46,1.0,3.0,1.0,2.0,0,1
8.0,7.0,37.0,3.4,0.57,0.51,1.0,3.0,1.0,3.0,1,1
7.0,5.0,29.0,3.6,0.45,-0.04,1.0,3.0,0.0,4.0,1,1
7.0,7.0,32.0,2.9,0.47,0.33,1.0,4.0,0.0,3.0,1,1
5.0,3.0,38.0,2.9,0.07,-0.6,1.0,4.0,1.0,4.0,1,1
4.0,3.0,37.0,3.5,-0.33,-0.77,1.0,4.0,0.0,3.0,0,1
5.0,7.0,35.0,3.4,0.05,0.33,1.0,3.0,0.0,3.0,1,1
6.0,6.0,42.0,3.4,0.16,0.15,1.0,5.0,0.0,5.0,1,1
6.0,5.0,39.0,3.3,0.22,-0.09,1.0,4.0,1.0,5.0,1,1
9.0,8.0,31.5,3.3,1.11,0.76,2.0,3.0,0.0,3.0,0,1
6.0,9.0,30.0,2.9,0.07,0.95,1.0,4.0,1.0,2.0,1,0
9.0,8.0,31.0,3.1,1.18,0.6,1.0,3.0,1.0,3.0,1,1
5.0,5.0,39.0,3.1,-0.13,-0.06,1.0,3.0,0.0,4.0,0,1
8.0,7.0,35.0,2.9,0.8,0.5,1.0,4.0,1.0,3.0,1,1
1.0,2.0,31.0,2.8,-1.31,-1.26,1.0,3.0,1.0,3.0,1,1
2.0,3.0,39.5,3.4,-0.78,-0.8,1.0,2.0,1.0,5.0,0,1
1.0,1.0,32.0,3.2,-2.26,-1.86,1.0,4.0,0.0,6.0,0,1
3.0,3.0,35.0,3.4,-0.49,-0.56,1.0,2.0,0.0,4.0,1,1
8.0,10.0,35.0,3.0,0.84,1.54,1.0,2.0,0.0,3.0,1,1
5.0,6.0,38.0,3.7,-0.14,0.21,1.0,4.0,0.0,4.0,1,1
7.0,8.0,37.0,3.7,0.53,0.56,1.0,4.0,0.0,4.0,1,1
7.0,5.0,35.0,3.5,0.46,-0.18,2.0,3.0,0.0,4.0,1,1
10.0,9.0,37.0,3.8,1.28,1.02,2.0,3.0,1.0,2.0,1,1
2.0,3.0,30.5,3.6,-0.82,-0.68,1.0,3.0,1.0,3.0,1,1
7.0,6.0,33.0,3.5,0.43,0.19,1.0,3.0,0.0,4.0,1,1
8.0,9.0,38.0,3.0,0.78,1.17,1.0,4.0,1.0,4.0,0,1
8.0,8.0,42.0,3.2,0.82,0.77,1.0,3.0,1.0,5.0,1,1
7.0,5.0,41.0,3.6,0.54,-0.17,1.0,4.0,1.0,4.0,1,1
5.0,2.0,44.0,3.4,-0.02,-1.3,1.0,4.0,1.0,4.0,1,1
3.0,5.0,38.0,2.7,-0.56,-0.27,1.0,4.0,1.0,1.0,1,0
2.0,1.0,32.0,3.1,-0.96,-1.61,1.0,5.0,1.0,3.0,1,1
10.0,10.0,43.0,3.5,1.67,1.65,2.0,4.0,1.0,3.0,1,1
5.0,3.0,41.0,3.3,-0.08,-0.6,1.0,3.0,1.0,5.0,1,1
9.0,9.0,43.0,3.6,1.07,1.05,1.0,4.0,1.0,4.0,1,1
7.0,7.0,34.0,3.1,0.35,0.36,2.0,2.0,0.0,4.0,1,1
6.0,5.0,32.0,2.9,0.07,-0.08,1.0,2.0,1.0,2.0,1,1
7.0,7.0,42.0,3.3,0.47,0.46,1.0,5.0,1.0,5.0,1,1
9.0,10.0,33.5,3.7,1.14,1.59,1.0,3.0,0.0,5.0,1,1
8.0,9.0,33.0,3.6,0.88,1.18,1.0,2.0,0.0,4.0,1,1
3.0,5.0,41.0,2.7,-0.56,-0.21,1.0,4.0,1.0,5.0,0,1
10.0,8.0,45.0,3.3,1.34,0.68,1.0,4.0,0.0,3.0,1,1
3.0,3.0,29.0,2.6,-0.59,-0.73,2.0,2.0,1.0,2.0,1,1
6.0,8.0,32.0,3.4,0.31,0.63,1.0,4.0,1.0,4.0,1,1
7.0,8.0,34.0,2.9,0.33,0.6,1.0,3.0,1.0,3.0,0,1
6.0,8.0,35.0,3.1,0.26,0.64,1.0,3.0,1.0,4.0,1,1
2.0,2.0,32.0,2.8,-0.9,-1.05,1.0,3.0,1.0,4.0,0,1
5.0,3.0,39.0,3.5,-0.13,-0.71,1.0,3.0,1.0,6.0,1,1
4.0,1.0,29.0,2.7,-0.31,-1.38,1.0,3.0,1.0,1.0,0,0
5.0,5.0,27.0,2.8,-0.16,-0.1,1.0,3.0,0.0,3.0,1,1
1.0,1.0,35.0,3.0,-1.23,-1.41,1.0,4.0,0.0,5.0,0,0
7.0,8.0,36.0,2.7,0.39,0.75,1.0,4.0,1.0,3.0,1,1
9.0,7.0,38.0,3.8,0.9,0.28,1.0,5.0,1.0,5.0,1,1
8.0,8.0,40.0,3.6,0.68,0.75,1.0,4.0,1.0,4.0,1,1
2.0,3.0,31.0,3.1,-0.93,-0.77,1.0,1.0,0.0,4.0,0,1
10.0,10.0,38.0,2.9,1.31,1.43,1.0,2.0,1.0,2.0,1,1
3.0,6.0,34.5,2.9,-0.58,0.13,1.0,5.0,1.0,3.0,0,1
10.0,9.0,34.0,3.4,1.3,1.08,1.0,4.0,1.0,2.0,1,1
5.0,4.0,40.0,3.1,0.06,-0.34,1.0,3.0,1.0,4.0,1,1
7.0,6.0,39.0,3.4,0.61,0.11,1.0,4.0,1.0,4.0,1,1
3.0,3.0,34.0,3.2,-0.45,-0.68,1.0,3.0,1.0,3.0,1,1
3.0,3.0,36.0,3.0,-0.69,-0.76,1.0,5.0,0.0,5.0,1,1
9.0,10.0,45.0,4.0,0.93,1.3,1.0,3.0,1.0,5.0,1,1
3.0,5.0,41.0,2.9,-0.47,-0.13,1.0,5.0,1.0,4.0,1,1
8.0,8.0,45.0,3.3,0.86,0.84,1.0,4.0,0.0,5.0,1,1
7.0,4.0,33.0,3.5,0.34,-0.31,1.0,4.0,0.0,5.0,1,1
10.0,9.0,36.0,2.1,1.57,0.95,2.0,3.0,1.0,3.0,1,1
3.0,5.0,47.0,3.4,-0.48,-0.16,1.0,5.0,1.0,5.0,1,1
4.0,4.0,38.0,2.4,-0.3,-0.52,1.0,4.0,0.0,3.0,0,1
6.0,5.0,31.0,3.0,0.17,-0.08,1.0,3.0,0.0,3.0,1,1
6.0,4.0,42.0,2.9,0.15,-0.46,1.0,4.0,1.0,5.0,1,1
3.0,4.0,33.0,3.8,-0.62,-0.41,1.0,3.0,1.0,5.0,0,1
10.0,10.0,43.0,3.4,2.11,1.96,1.0,3.0,0.0,4.0,1,1
8.0,8.0,47.0,3.9,0.7,0.84,1.0,3.0,1.0,5.0,1,1
2.0,2.0,31.0,3.4,-0.86,-1.09,1.0,3.0,1.0,3.0,0,0
5.0,8.0,36.0,3.1,0.03,0.75,1.0,3.0,1.0,3.0,1,1
4.0,5.0,41.0,3.3,-0.26,-0.25,1.0,4.0,1.0,3.0,1,1
9.0,8.0,40.0,3.1,1.11,0.75,1.0,4.0,1.0,4.0,1,1
2.0,3.0,38.0,3.3,-0.83,-0.57,1.0,2.0,1.0,4.0,1,1
1.0,1.0,18.0,2.6,-2.1,-2.09,1.0,1.0,1.0,3.0,0,0
1.0,2.0,25.0,3.3,-1.45,-1.06,1.0,5.0,0.0,3.0,0,1
10.0,10.0,34.0,3.7,2.23,2.63,2.0,1.0,0.0,2.0,1,1
4.0,4.0,45.0,3.5,-0.24,-0.24,1.0,3.0,1.0,6.0,1,1
5.0,4.0,25.0,2.8,-0.12,-0.55,1.0,1.0,1.0,2.0,0,1
9.0,8.0,47.0,3.7,1.22,0.65,1.0,3.0,1.0,5.0,1,1
3.0,3.0,37.0,3.1,-0.73,-0.77,1.0,3.0,0.0,5.0,1,1
2.0,1.0,44.0,3.2,-1.08,-1.33,1.0,5.0,1.0,6.0,1,1
4.0,4.0,39.0,3.8,-0.27,-0.42,1.0,2.0,1.0,5.0,1,1
8.0,9.0,42.0,3.9,0.74,0.95,1.0,3.0,0.0,4.0,1,1
6.0,3.0,30.0,3.2,0.24,-0.57,1.0,3.0,1.0,3.0,1,1
1.0,2.0,28.0,3.1,-1.24,-0.97,1.0,3.0,0.0,5.0,0,1
6.0,5.0,41.0,2.9,0.2,-0.18,1.0,5.0,1.0,6.0,0,1
6.0,7.0,33.0,3.0,0.07,0.32,1.0,3.0,0.0,3.0,1,1
9.0,10.0,33.0,3.6,1.28,1.6,1.0,3.0,0.0,3.0,0,1
6.0,7.0,36.0,2.8,0.24,0.52,1.0,5.0,1.0,2.0,1,0
8.0,6.0,45.0,3.9,0.78,0.08,1.0,4.0,0.0,6.0,0,1
3.0,3.0,41.0,3.9,-0.78,-0.63,1.0,4.0,1.0,6.0,1,1
9.0,6.0,35.0,2.7,1.0,0.15,1.0,3.0,0.0,3.0,0,1
1.0,2.0,29.0,3.1,-1.45,-1.19,1.0,3.0,0.0,3.0,0,1
6.0,5.0,32.0,3.2,0.19,-0.11,1.0,4.0,1.0,3.0,1,1
9.0,9.0,40.0,2.7,1.03,1.06,1.0,3.0,1.0,3.0,0,1
7.0,8.0,42.0,3.1,0.59,0.82,1.0,4.0,1.0,4.0,1,1
7.0,9.0,39.0,3.3,0.46,0.87,1.0,3.0,1.0,3.0,1,1
5.0,3.0,28.0,3.9,-0.01,-0.69,1.0,4.0,0.0,4.0,0,1
10.0,10.0,39.0,2.9,2.7,2.38,1.0,4.0,1.0,3.0,1,1
4.0,2.0,36.0,3.0,-0.41,-0.96,1.0,4.0,0.0,3.0,1,1
3.0,4.0,40.0,2.6,-0.62,-0.34,1.0,2.0,0.0,3.0,0,1
4.0,3.0,35.5,2.5,-0.24,-0.65,1.0,4.0,0.0,3.0,1,1
7.0,6.0,28.0,3.6,0.49,0.02,1.0,3.0,1.0,4.0,1,1
4.0,3.0,45.0,3.5,-0.21,-0.54,1.0,2.0,1.0,4.0,1,1
1.0,1.0,25.0,2.4,-1.29,-1.52,1.0,4.0,0.0,3.0,0,0
2.0,1.0,37.0,2.9,-1.03,-1.63,1.0,4.0,1.0,2.0,1,1
1.0,1.0,20.5,2.7,-1.28,-1.68,1.0,3.0,1.0,1.0,0,0
4.0,4.0,34.0,2.5,-0.3,-0.38,1.0,2.0,1.0,2.0,1,0
4.0,4.0,26.0,2.6,-0.28,-0.34,1.0,3.0,0.0,4.0,0,1
9.0,10.0,39.0,3.5,1.4,1.35,1.0,4.0,1.0,6.0,1,1
6.0,10.0,31.0,2.1,0.14,1.48,2.0,3.0,0.0,3.0,1,1
9.0,9.0,41.0,3.7,1.06,1.28,1.0,4.0,1.0,3.0,1,1
10.0,10.0,36.0,3.1,2.01,1.43,1.0,4.0,1.0,5.0,1,1
4.0,4.0,25.0,3.3,-0.23,-0.5,1.0,3.0,0.0,4.0,0,1
4.0,4.0,35.0,3.2,-0.34,-0.44,1.0,3.0,1.0,4.0,0,1
4.0,5.0,42.0,3.4,-0.25,-0.1,1.0,4.0,0.0,4.0,1,1
2.0,3.0,33.0,2.9,-0.89,-0.55,1.0,5.0,0.0,5.0,0,1
6.0,6.0,40.0,3.9,0.14,0.22,1.0,3.0,0.0,3.0,0,1
1.0,1.0,33.5,3.7,-1.53,-1.36,1.0,3.0,0.0,2.0,1,1
3.0,2.0,37.0,3.3,-0.48,-0.95,1.0,4.0,0.0,3.0,1,1
10.0,9.0,48.0,3.5,1.94,1.0,1.0,3.0,0.0,4.0,1,1
5.0,6.0,28.5,3.3,-0.03,0.25,1.0,3.0,1.0,5.0,0,1
8.0,9.0,40.0,3.8,0.85,1.06,1.0,5.0,1.0,6.0,1,1
7.0,6.0,44.0,3.8,0.36,0.12,1.0,3.0,0.0,4.0,1,1
5.0,8.0,35.0,3.1,0.03,0.55,1.0,5.0,0.0,3.0,1,1
8.0,8.0,30.0,2.9,0.86,0.73,2.0,2.0,1.0,3.0,0,1
4.0,6.0,39.0,3.7,-0.21,0.14,1.0,3.0,0.0,3.0,1,1
6.0,7.0,34.0,3.6,0.25,0.34,2.0,3.0,1.0,4.0,1,1
1.0,2.0,37.0,2.9,-1.53,-1.23,1.0,2.0,0.0,3.0,1,1
8.0,9.0,38.0,2.8,0.77,0.93,1.0,4.0,1.0,4.0,1,1
7.0,6.0,32.0,3.1,0.36,0.04,1.0,4.0,1.0,3.0,1,0
7.0,6.0,38.0,3.9,0.46,0.11,1.0,4.0,0.0,4.0,1,1
6.0,6.0,30.0,2.8,0.25,0.01,1.0,4.0,1.0,2.0,1,1
6.0,6.0,47.0,3.5,0.15,0.08,1.0,5.0,0.0,5.0,1,1
5.0,5.0,40.0,2.8,-0.04,-0.14,1.0,3.0,0.0,3.0,0,1
9.0,5.0,42.0,3.4,0.94,-0.14,1.0,5.0,1.0,4.0,1,1
8.0,9.0,40.0,3.6,0.86,1.08,1.0,4.0,1.0,4.0,1,1
3.0,2.0,29.0,3.2,-0.52,-1.1,1.0,4.0,1.0,3.0,1,1
3.0,2.0,37.0,3.2,-0.73,-1.08,1.0,4.0,1.0,6.0,0,1
3.0,2.0,37.5,3.0,-0.58,-1.21,1.0,4.0,1.0,5.0,1,1
3.0,3.0,38.0,3.3,-0.46,-0.61,1.0,4.0,1.0,3.0,1,1
7.0,6.0,33.0,3.5,0.35,0.22,1.0,3.0,1.0,4.0,1,1
5.0,6.0,31.0,3.4,-0.08,0.25,1.0,3.0,0.0,3.0,1,1
8.0,8.0,33.5,2.4,0.8,0.64,1.0,4.0,1.0,3.0,1,1
10.0,10.0,37.0,3.7,1.4,1.44,1.0,4.0,0.0,3.0,1,1
6.0,6.0,25.0,3.8,0.25,0.22,1.0,3.0,0.0,3.0,1,1
2.0,4.0,39.0,3.3,-0.85,-0.54,2.0,3.0,0.0,3.0,1,1
4.0,4.0,42.0,3.7,-0.27,-0.26,1.0,5.0,0.0,5.0,1,1
5.0,6.0,41.0,3.4,-0.1,0.24,1.0,4.0,0.0,4.0,1,1
6.0,4.0,31.0,3.1,0.2,-0.41,1.0,3.0,0.0,3.0,0,1
9.0,10.0,48.0,3.8,0.92,1.71,1.0,5.0,1.0,5.0,1,1
8.0,5.0,36.0,3.4,0.7,-0.1,1.0,5.0,1.0,4.0,0,1
9.0,8.0,32.0,3.4,0.93,0.62,1.0,3.0,1.0,3.0,1,1
1.0,1.0,27.0,3.2,-2.01,-2.16,1.0,3.0,0.0,5.0,0,0
2.0,4.0,43.0,3.5,-1.14,-0.25,1.0,4.0,0.0,5.0,0,1
5.0,6.0,39.0,2.7,0.06,0.09,1.0,4.0,1.0,4.0,1,1
10.0,10.0,46.0,3.2,2.61,2.07,1.0,2.0,1.0,3.0,1,1
3.0,5.0,38.0,4.0,-0.48,-0.21,1.0,4.0,0.0,4.0,1,1
5.0,5.0,40.0,3.4,-0.11,-0.12,1.0,4.0,0.0,4.0,1,1
4.0,5.0,34.0,3.9,-0.29,-0.23,1.0,3.0,1.0,4.0,1,1
4.0,4.0,29.5,3.4,-0.36,-0.58,1.0,4.0,1.0,2.0,0,1
9.0,8.0,31.5,3.3,1.07,0.77,1.0,4.0,1.0,2.0,0,1
5.0,6.0,42.0,3.2,-0.04,0.14,1.0,2.0,1.0,4.0,1,1
8.0,7.0,36.0,3.3,0.61,0.33,1.0,5.0,0.0,3.0,1,1
4.0,6.0,27.5,3.6,-0.18,0.26,2.0,4.0,0.0,3.0,1,1
4.0,5.0,47.0,3.3,-0.41,-0.24,1.0,4.0,0.0,4.0,1,1
10.0,10.0,47.0,3.2,2.07,2.87,1.0,4.0,1.0,6.0,1,1
5.0,6.0,28.0,2.4,-0.04,0.13,1.0,4.0,0.0,4.0,0,0
4.0,5.0,38.0,3.6,-0.36,-0.06,1.0,4.0,1.0,4.0,1,1
1.0,2.0,30.0,2.9,-1.16,-0.89,1.0,1.0,0.0,4.0,0,1
3.0,4.0,47.0,2.7,-0.72,-0.53,1.0,4.0,1.0,4.0,1,1
3.0,4.0,32.5,3.0,-0.51,-0.42,1.0,4.0,0.0,2.0,1,1
3.0,6.0,40.0,2.8,-0.48,0.14,1.0,4.0,1.0,3.0,1,1
10.0,10.0,42.0,3.5,1.7,1.67,1.0,4.0,0.0,5.0,1,1
7.0,4.0,35.0,3.2,0.46,-0.5,1.0,2.0,1.0,2.0,1,1
3.0,4.0,31.0,2.9,-0.64,-0.36,1.0,4.0,1.0,3.0,1,1
8.0,9.0,35.0,3.5,0.9,1.05,1.0,4.0,0.0,4.0,1,1
8.0,7.0,36.0,3.5,0.85,0.48,1.0,4.0,1.0,4.0,1,1
10.0,10.0,45.0,3.2,1.32,1.47,1.0,5.0,0.0,3.0,1,1
5.0,5.0,39.0,3.4,-0.05,-0.25,1.0,4.0,0.0,4.0,1,1
9.0,8.0,45.0,3.8,1.01,0.57,1.0,4.0,1.0,4.0,1,1
6.0,6.0,34.0,3.4,0.17,0.21,1.0,3.0,1.0,5.0,1,1
10.0,10.0,37.0,3.1,2.14,2.02,1.0,4.0,1.0,5.0,1,1
10.0,10.0,25.5,3.1,1.49,1.84,1.0,3.0,0.0,3.0,1,1
3.0,2.0,35.5,3.0,-0.57,-1.27,1.0,4.0,1.0,5.0,0,1
10.0,10.0,42.0,3.6,1.5,1.49,1.0,4.0,0.0,4.0,0,1
5.0,4.0,42.0,3.6,-0.16,-0.28,1.0,4.0,1.0,6.0,1,1
5.0,3.0,39.0,3.2,-0.14,-0.7,1.0,4.0,1.0,4.0,1,1
2.0,3.0,36.0,3.1,-0.74,-0.84,1.0,3.0,1.0,3.0,1,0
7.0,7.0,35.0,3.6,0.53,0.41,1.0,4.0,0.0,5.0,1,1
6.0,8.0,42.0,3.4,0.09,0.67,1.0,4.0,0.0,3.0,1,1
1.0,1.0,27.0,3.7,-1.17,-2.06,1.0,3.0,1.0,4.0,0,1
7.0,9.0,33.0,3.3,0.55,1.06,1.0,3.0,1.0,3.0,1,1
8.0,9.0,48.0,3.0,0.62,1.0,1.0,3.0,1.0,4.0,1,1
10.0,10.0,48.0,3.1,1.99,2.42,1.0,4.0,0.0,4.0,1,1
4.0,3.0,37.0,3.9,-0.39,-0.85,1.0,3.0,0.0,5.0,1,1
10.0,10.0,37.0,3.5,1.89,1.63,1.0,4.0,1.0,3.0,1,1
6.0,8.0,37.0,3.5,0.2,0.85,1.0,3.0,1.0,3.0,1,1
8.0,9.0,34.0,3.0,0.74,0.95,1.0,5.0,0.0,3.0,1,1
4.0,4.0,44.0,3.5,-0.2,-0.46,1.0,4.0,0.0,4.0,0,1
9.0,10.0,35.0,3.9,1.09,1.41,1.0,2.0,0.0,4.0,1,1
6.0,5.0,44.0,3.3,0.16,-0.02,1.0,4.0,0.0,4.0,0,1
3.0,2.0,36.0,3.7,-0.64,-1.09,1.0,3.0,0.0,4.0,1,1
9.0,9.0,42.0,3.3,1.2,1.17,1.0,3.0,0.0,4.0,1,1
5.0,5.0,41.0,3.5,0.02,-0.06,1.0,4.0,1.0,4.0,1,1
1.0,3.0,26.3,3.7,-1.14,-0.77,1.0,3.0,1.0,3.0,1,1
9.0,10.0,43.0,3.4,1.37,1.55,1.0,4.0,1.0,6.0,1,1
6.0,6.0,41.0,3.7,0.21,0.12,1.0,3.0,0.0,5.0,0,1
9.0,8.0,36.0,3.7,0.92,0.63,1.0,4.0,1.0,4.0,1,1
8.0,4.0,32.0,1.8,0.65,-0.41,2.0,4.0,1.0,4.0,1,1
3.0,4.0,29.0,2.1,-0.56,-0.45,1.0,3.0,1.0,1.0,0,1
9.0,8.0,38.0,3.3,0.98,0.63,1.0,4.0,0.0,3.0,1,1
10.0,9.0,42.0,2.4,2.13,1.3,1.0,3.0,0.0,2.0,1,1
8.0,8.0,37.0,3.2,0.65,0.57,1.0,4.0,0.0,3.0,1,1
9.0,10.0,43.0,3.8,1.15,1.32,1.0,4.0,0.0,4.0,1,1
1.0,1.0,33.0,3.5,-1.72,-2.1,1.0,4.0,1.0,4.0,1,1
5.0,5.0,37.0,3.1,-0.07,-0.19,2.0,3.0,0.0,5.0,1,1
10.0,9.0,34.0,3.3,1.32,1.01,1.0,3.0,1.0,2.0,1,1
5.0,6.0,39.0,3.9,-0.11,0.14,1.0,3.0,0.0,4.0,0,1
3.0,2.0,36.0,3.6,-0.74,-1.23,1.0,3.0,1.0,5.0,1,1
5.0,8.0,35.0,2.7,-0.02,0.58,2.0,2.0,1.0,3.0,1,1
6.0,7.0,40.0,3.7,0.24,0.52,1.0,3.0,1.0,4.0,1,1
8.0,8.0,39.0,3.3,0.65,0.67,1.0,3.0,1.0,6.0,1,1
3.0,3.0,43.0,3.7,-0.53,-0.67,1.0,5.0,1.0,6.0,1,1
9.0,9.0,40.0,3.0,0.94,1.04,1.0,2.0,0.0,5.0,1,1
8.0,6.0,36.0,3.2,0.76,0.16,1.0,2.0,1.0,2.0,1,0
5.0,5.0,34.0,3.1,-0.15,-0.04,1.0,4.0,1.0,3.0,1,1
3.0,3.0,40.0,3.4,-0.63,-0.81,1.0,5.0,1.0,5.0,1,1
5.0,8.0,44.0,3.7,0.0,0.77,1.0,4.0,0.0,5.0,1,1
6.0,5.0,37.0,2.3,0.15,-0.14,1.0,3.0,1.0,2.0,0,1
9.0,9.0,38.0,3.4,1.02,0.97,1.0,5.0,1.0,4.0,0,1
7.0,6.0,34.0,3.2,0.37,0.24,1.0,4.0,1.0,3.0,1,1
7.0,6.0,36.0,3.6,0.3,0.25,1.0,4.0,0.0,5.0,1,1
5.0,6.0,38.0,3.3,-0.07,0.22,1.0,3.0,0.0,3.0,1,1
8.0,8.0,42.0,3.5,0.65,0.6,1.0,3.0,0.0,4.0,1,1
2.0,2.0,35.0,3.1,-0.98,-1.02,1.0,4.0,1.0,2.0,1,1
9.0,10.0,41.0,3.7,1.14,1.3,1.0,4.0,1.0,5.0,1,1
6.0,5.0,39.0,3.5,0.21,-0.04,1.0,3.0,0.0,4.0,1,1
1.0,1.0,18.0,2.7,-1.97,-1.84,2.0,3.0,1.0,2.0,0,0
8.0,9.0,40.0,3.5,0.72,1.02,1.0,4.0,0.0,3.0,1,1
4.0,3.0,43.0,2.7,-0.39,-0.54,1.0,5.0,1.0,4.0,1,0
10.0,10.0,44.0,3.1,1.97,2.23,1.0,3.0,1.0,4.0,1,1
6.0,3.0,37.0,3.6,0.29,-0.63,1.0,4.0,1.0,4.0,0,1
5.0,7.0,41.0,3.5,0.08,0.34,1.0,3.0,1.0,4.0,1,1
8.0,9.0,47.0,3.7,0.83,0.94,1.0,4.0,0.0,6.0,1,1
5.0,3.0,35.0,2.8,-0.02,-0.85,1.0,4.0,1.0,3.0,1,1
6.0,6.0,39.0,3.1,0.17,0.14,1.0,4.0,1.0,4.0,1,1
7.0,8.0,42.0,3.9,0.52,0.79,1.0,1.0,1.0,4.0,1,1
10.0,10.0,33.0,3.4,1.62,1.42,1.0,4.0,1.0,3.0,1,1
6.0,3.0,31.0,2.7,0.3,-0.69,1.0,2.0,1.0,3.0,0,1
8.0,10.0,39.0,2.6,0.83,1.31,1.0,3.0,1.0,5.0,1,1
2.0,3.0,46.0,3.5,-0.89,-0.82,1.0,3.0,1.0,6.0,1,1
5.0,7.0,39.0,3.1,-0.02,0.3,1.0,3.0,1.0,5.0,0,1
7.0,8.0,34.0,2.9,0.38,0.76,1.0,3.0,1.0,3.0,1,1
4.0,7.0,44.0,3.4,-0.33,0.49,1.0,4.0,1.0,4.0,1,1
2.0,2.0,33.0,2.6,-0.86,-1.11,1.0,3.0,0.0,4.0,1,1
7.0,5.0,41.0,3.7,0.46,0.02,1.0,3.0,1.0,5.0,1,1
2.0,1.0,35.0,3.0,-0.87,-1.54,1.0,4.0,1.0,3.0,1,1
5.0,5.0,37.0,3.5,-0.17,-0.21,1.0,3.0,1.0,5.0,1,1
6.0,4.0,32.0,3.6,0.07,-0.31,1.0,3.0,1.0,5.0,0,1
10.0,10.0,31.5,3.6,1.46,1.39,1.0,5.0,1.0,5.0,1,1
4.0,4.0,44.0,3.8,-0.21,-0.49,1.0,3.0,0.0,4.0,1,1
7.0,8.0,38.0,3.7,0.52,0.78,1.0,3.0,0.0,6.0,1,1
3.0,4.0,28.0,3.1,-0.48,-0.31,1.0,3.0,1.0,3.0,0,1
5.0,3.0,31.0,2.8,-0.01,-0.82,1.0,3.0,0.0,5.0,1,0
2.0,4.0,39.0,2.9,-0.84,-0.48,1.0,4.0,0.0,3.0,1,1
10.0,10.0,32.5,3.4,2.11,1.8,1.0,3.0,1.0,3.0,0,1
8.0,8.0,42.0,3.4,0.8,0.57,1.0,5.0,1.0,4.0,1,1
7.0,4.0,43.0,2.6,0.57,-0.46,1.0,4.0,0.0,6.0,0,1
